4678065913119880332
907282025496736018
15946208685599891730
7559775549661598051
14925404686706866660
4822063992122750857
1826454396705516276
7226055400049502365
12009780217534418300
12766090509072273820
1759293730672549661
7402054184598830629
7608182929176038767
278075353252683073
178454298118569238
15566091094138984291
7283681630569988835
15335058968509711396
9625651647079866396
17485949665302691480
4177417555813474661
11240710816899023256
7383014332747640311
7065244177327991740
7084500917529006933
