15330419574347214038
8380660418915282826
12014086504704925376
13406265340056068650
165397815131058624
14289969925215844750
7190988281776642384
12965658515204146557
5133586628852778823
14839254011609141206
807042621011071078
17999071228639615249
2447790908178160691
13902743314836704242
17280403590734683380
11416953496998626456
11648333355085694186
3878142373714502292
17780581831666621710
13102651904941462813
4483006084562543496
14781768314427724396
7592263035159702505
16493985759699108318
11671162393698267394
