0.88596282916894042
0.34173890441792742
0.81404822612215033
0.50816547451459571
0.64024851884544332
0.20391313349773255
0.07008995231012538
0.25687240754581075
0.41591088517461128
0.44263084340958680
0.90848117631815983
0.37633274835059305
0.02800684173374968
0.31279904729672625
0.17388179408395177
0.33414703821394498
0.06120586303871434
0.30526338099882933
0.19979327527284740
0.98462075570879126
0.84448543725960945
0.75505586716160134
0.68076662915340769
0.26277927299166015
0.08117621929141550
