17119597523751753840
2330866379202380465
11542622947771010145
10050243474504802140
10914938816979045834
16208531328983066912
17790662283945165072
14065131118133303367
11360697862530192463
5841592363134250303
11288249486867554269
8944519119118527980
7777867232513180399
9336787366523065936
1140311601642411763
8394350904305594991
585457716496006057
15759051454472633116
645100499664822677
605971893124698313
3347855140404583497
9442968409972783490
11295516925992426947
14059133944675950889
125430650916012047
