0.64638593298735825
0.88439655398241190
0.17721955157693015
0.79831543682982220
0.32532274100635250
0.81646749126769003
0.99041236891715023
0.74940147362787479
0.72903366490904187
0.25540603370218407
0.11571106388607100
0.11382232478204779
0.29126172592191757
0.79542424987822902
0.33248891713360584
0.21680702397378615
0.79039609089293206
0.49360207006354617
0.27216192811315409
0.14894887996630546
0.12570273864415227
0.16420357256707618
0.26954770883022139
0.19950862125924040
0.15548905400030588
