0.64638593298735836
0.88439655398241201
0.17721955157693026
0.79831543682982231
0.32532274100635250
0.81646749126769003
0.99041236891715034
0.74940147362787479
0.72903366490904198
0.25540603370218407
0.11571106388607111
0.11382232478204790
0.29126172592191757
0.79542424987822902
0.33248891713360595
0.21680702397378615
0.79039609089293206
0.49360207006354628
0.27216192811315409
0.14894887996630557
0.12570273864415238
0.16420357256707618
0.26954770883022150
0.19950862125924040
0.15548905400030588
