0.27810882665245928
0.60665736382817126
0.83245892263377741
0.46547194696940908
0.45228101254042197
0.04116774312858507
0.76733423627202546
0.83100181268193996
0.46623679314250766
0.40789516518082636
0.11146468931210152
0.84109017078667692
0.52145671162453966
0.02829418271070105
0.93260459631333636
0.34443570394017387
0.78838271746988831
0.64932067603773524
0.83220732444078527
0.25018802283090247
0.73267049947295970
0.79076355732591896
0.52006589052794283
0.91723702990183553
0.61553141011813073
