2634315113923934513
12768780728871542542
9351714511415679822
4704284215635237110
17058175020280213752
14509616329772067360
5422718140163562925
12166257261974266693
5932684297976176279
9511579120692141982
17907672132446326210
13667544802536150979
3849705315509504979
13175925347517790519
2511586954493431134
7218367047112622227
6171979960861174356
9381281723945194548
1585718996035171542
8361289756586643390
13963685874237253841
18282140024118890506
11730985909388924151
9208051957440914189
8809373662254244461
