0.26045565000909032
0.68949730131389086
0.61733707295818629
0.63002782299708648
0.91266277946091579
0.43502663867761659
0.82931533109470579
0.82937490941453762
0.86356901725037283
0.17024868759132439
0.43784094207923407
0.38437228457997186
0.46622761667280221
0.75143956866910766
0.41337529454554367
0.96530502646193261
0.83060875533795231
0.82984466032113080
0.27816289636718594
0.43157220736737767
0.16151360760291811
0.81455956630303639
0.30399787597207950
0.87317342318911495
0.61232018902082508
