0.54573684314358817
0.94186181102439037
0.48426048140058564
0.92063807614120696
0.41245188592700299
0.22614162524439807
0.18504162971834648
0.23345397420842384
0.55017659639050864
0.64756457790309663
0.18632330060109936
0.23886757856079444
0.50823882824877431
0.90802905720972571
0.67859302669526511
0.32230206492247648
0.31518880554516338
0.92899319408537306
0.93088113930530947
0.68108838444948938
0.54847066857068349
0.92711326925238124
0.03762040101056419
0.64409313585402905
0.59256603911531192
