0.35285741339120047
0.48254305034528922
0.72558386583373247
0.04372156312785613
0.06807766867732568
0.11565051451475028
0.31623567041288980
0.44964984222934412
0.77874990157243706
0.71132099713050756
0.27587645675907357
0.58000335458772234
0.05007235627360906
0.10278547807443361
0.61977476458595337
0.33830092850691951
0.38341072151069855
0.15200700606510531
0.99799984056774371
0.83702978843795195
0.05457884752484221
0.40252685711446246
0.52978873138094096
0.66546780657633520
0.98837488742780821
