9973682793510394082
1097427257046232663
17765659085046568313
7885248134287219575
9129973173275506700
15631308415930939476
7212121465727294297
9783801637681989891
6090744703727349091
1924636216186783207
15447047391729355247
14966170716078166959
10247476527982621544
17347108270904637570
15161084281946843782
11599277111173867166
3849626725417593508
4318632192892418131
1641222236353044988
6485457082514069673
1990648096799543594
13201663144487098803
17285561549019728315
16281623848545403116
11792451761572761252
