0.25278120646892821
0.20891180846555535
0.39704438080426652
0.60938888342647191
0.55215477344542852
0.95873024065096846
0.64247586211920837
0.27357394085885889
0.53477006349470335
0.32785677262431467
0.69158424068805957
0.18989481497409655
0.46469489052331214
0.91699098081779340
0.54289777659490013
0.17511420539872879
0.55751742212840205
0.12824375577400648
0.91253720190851961
0.17402193169669966
0.42248981343685577
0.87457811080491676
0.04235595521264957
0.64540630328580251
0.28512765783758220
