0.49919057730314165
0.39890918700922462
0.63529128267248758
0.88844197868514208
0.31272081327335943
0.85168474130093030
0.86772441371429176
0.38229151741538847
0.40699422084527037
0.86051314845874416
0.47328964357908576
0.99556757719490674
0.02287874328676909
0.04863762001932947
0.74450685575019915
0.17594054481661914
0.88992544910758342
0.29207313021095604
0.37556119073150906
0.16538589946305993
0.93201819103508476
0.82402104768530493
0.20332786595429875
0.58609061481881586
0.33605627546074401
