0.81743411537772181
0.14376894665698503
0.16187371410885631
0.86452347140571195
0.70881433470269306
0.84211183352345720
0.86340269109592238
0.22213537838508324
0.70831804467354831
0.45163666646501810
0.55336219050151048
0.36492531099701919
0.00050403918190312
0.47011990550994009
0.27262211982892970
0.83423460900705926
0.70908404021762150
0.07083086021304985
0.02059485724055865
0.43210845097383110
0.60698500054551496
0.49016838638463955
0.76501565108723135
0.13137435836885580
0.20392232550177058
