3307966905215989819
15744694832881989829
3054610279318801324
15248392380609111766
15455928293358515832
5609918284217039799
9534946273669576642
12021133186552236919
17208801278257273957
1091116719096413175
2003946649886768722
2169458762370670197
637425402838040987
9824239723821596344
10850827962323301728
12634968449640803022
17340840662872690841
2402265737155180620
1983797666474832972
5667334317299505174
11118483686386299861
11591127094901301324
8702646088554005314
7564006850935056575
6728836395567528257
