0.13887167960710967
0.24391570649066630
0.60618601100902603
0.16554562633860037
0.13386152282050701
0.38154269161009935
0.96119009006329836
0.58659954013052640
0.59288959429046795
0.90207385019728492
0.58282784646452201
0.78756840826930985
0.31858871799332555
0.13894041625642006
0.86758087989472898
0.13868070300864932
0.45514828585779665
0.69674555923317039
0.55532496272628751
0.43324690387571085
0.34405385196265947
0.95166260217497489
0.06825616588688399
0.16477325430002809
0.31222278075625731
