4804558718269354394
12718980256850744695
11387858992072623647
11621962010143633644
16835656718315935793
8024825068932110157
15298167669107736807
15299266695126016678
15930036651202495261
3140533968882093468
8076739803527516765
7090417162673795087
8600381524858741371
13861613410097722984
7625428264875947747
17806734776208697514
15322027135101639645
15307932069878334659
5131199760087269641
7961102058631922053
2979400183872578950
15025971852383960749
5607771017008249838
16107206669534489971
11295313818032619066
