0.17932524525726634
0.85352161714659747
0.16559075504669984
0.82661700729839060
0.83786755167197391
0.30411427956071335
0.51689047322225601
0.65166693582987645
0.93289098658789305
0.05914955586397930
0.10863416556761407
0.11760659516399963
0.03455490032772268
0.53257310257928825
0.58822456250086919
0.68494301211931818
0.94004885597057741
0.13022708655555693
0.10754188698818445
0.30722680895088883
0.60273420837623337
0.62835625889237934
0.47177138977913657
0.41004563302395136
0.36477095191869224
