0.29715938991717705
0.05849850896247566
0.65387007638492922
0.75714636579887040
0.55251674204846790
0.94399210432890623
0.43580347642951045
0.79405958491447293
0.87271833016234923
0.73785077125300591
0.16076924492823153
0.60610578627310518
0.83702164174129912
0.71241188225075036
0.95227130071370514
0.53927302004101596
0.52859354855351315
0.86181518550253355
0.61597798862422182
0.72799144165036689
0.70477497394259903
0.80902483617992205
0.13781847865045049
0.12419913382398229
0.04334411294304208
