0.83106371038107751
0.45431651165256126
0.65128493444149294
0.72675510033029556
0.00896623352447257
0.77466082188357699
0.38982425587100200
0.70286975649447581
0.27829228878223600
0.80443757187254328
0.04374986814943005
0.97573160644062040
0.13269501102185133
0.75366922527271385
0.93677255572504270
0.61891428923059444
0.63145741647096376
0.21023451933946780
0.96388727249746198
0.71029618303294340
0.24302424680742230
0.80132126598399667
0.41157740384007691
0.89414075968053741
0.63269498113393918
