15573749852649242605
14769363208374825794
17756318800893910184
6096719487190031045
13710289772508638063
10634783239391657131
11378004391254428811
13551797070351060493
12314640483799150645
6409565765896158587
7939567920767316466
18029968174467089109
12498404987184208947
17567593799806982530
4188001523526324954
14416622530104538424
16833990618544622807
1381824042579186750
5223663058236883591
6160446794642017889
16942895022148938341
14377208805014882594
1486390761750674229
13226183265252953318
17425066914729113333
