0.26045565000909021
0.68949730131389075
0.61733707295818618
0.63002782299708637
0.91266277946091579
0.43502663867761648
0.82931533109470568
0.82937490941453751
0.86356901725037272
0.17024868759132439
0.43784094207923396
0.38437228457997175
0.46622761667280210
0.75143956866910755
0.41337529454554356
0.96530502646193261
0.83060875533795231
0.82984466032113069
0.27816289636718583
0.43157220736737756
0.16151360760291800
0.81455956630303639
0.30399787597207950
0.87317342318911495
0.61232018902082508
