7612110841436698809
11194314194893489751
4356085435307375829
13145781290608870377
1988826571927188542
12088904643947222481
8844828219199229115
9248655428803626266
10943319453208209673
5027333625486939910
4309143223113142
17370064183682952533
12575678061242990498
13723325807696174973
17328248602008424545
4975664496355213206
17561286995016723634
2519052107601669821
5753049086342612357
16447041618631786073
12106501228592361580
13498049049502923834
10214049955156013198
17077749085926029117
14682779447843477775
