17443257271047608091
13855222907675946543
8256990883998126050
16564442860719716101
3604897651043054717
13823582990153133926
17479427801445459549
5341087605600424661
16117588456250473518
18204801476833937045
1101784021792174804
17058313368514292417
69943583325649354
8647980042231968994
8202749825427216438
2804042101650438181
4828687006880183872
3792647529800488949
2731437144861952003
16494543814178665459
356558423450589419
14337110170276254610
1587984084529746768
13558927679484713083
11740570701228799869
