2561730332798542382
4499450613191378647
11182158206146385551
3053777801590114181
2469309252786923528
7038220385325792347
17730827597583499640
10820851590543537355
10936882609841752009
16640325450175124229
10751276122762323415
14528072867882756864
5876924545594103580
2562998300176855969
16004042454661812015
2558207436362676315
8396003944806371686
12852687015667933387
10243937465154122501
7991994756522281450
6346673354729133939
17555076466842230081
1259104023568015225
3039530052264880918
5759493730592608100
