0.83106371038107751
0.45431651165256126
0.65128493444149294
0.72675510033029544
0.00896623352447246
0.77466082188357699
0.38982425587100200
0.70286975649447569
0.27829228878223589
0.80443757187254328
0.04374986814942994
0.97573160644062040
0.13269501102185133
0.75366922527271385
0.93677255572504270
0.61891428923059433
0.63145741647096365
0.21023451933946768
0.96388727249746198
0.71029618303294328
0.24302424680742218
0.80132126598399656
0.41157740384007691
0.89414075968053730
0.63269498113393907
