0.25359846130174801
0.04918385715503060
0.86444570499173123
0.40981625372229524
0.80910780932764570
0.26140461280618055
0.09901229124269106
0.39172524816171406
0.65105149014621244
0.69205115320413702
0.09537150424176521
0.40126616138987348
0.41244042302398942
0.01507449510556158
0.00967402688547636
0.84383948906863748
0.39484917237783723
0.83131521244257744
0.52180762136763337
0.94791523075466777
0.22645825946960285
0.60936015439816160
0.40023400895283034
0.38300765430997841
0.38405156428802500
