0.78871375796288623
0.34611237882802459
0.64576366890172154
0.48336971879198998
0.86066536467937249
0.19672028491370097
0.55783652462017874
0.99276295408758475
0.58406361120525618
0.33336436079107590
0.41341630180936406
0.94595139192169886
0.90768024287086324
0.47464623001285811
0.44990240386264357
0.69203249157792457
0.79403438551929850
0.02587267693263551
0.69038469493836274
0.22384060458237776
0.91279853933934207
0.23751591287432749
0.46635956734160355
0.55269386096578033
0.91831841049165652
