6509070399338610620
8901348154266695038
13384659877047671007
806520485522098870
1255811331225420591
2133375443246432007
5833518479084543248
8294575562388590301
14365400131733250347
13121556388322361171
5089022393796431822
10699173443972728540
923671941346873195
1896057408532961366
11432826465660669857
6240550648065456585
7072679454824182534
2804034338293814503
18409847644556105583
15440474289386149907
1006802032128781769
7425309915985142164
9772877140919475461
12275714317206506287
18232298597262266673
