9208440823518379624
7358575681410709687
11719055703718051786
16388861805144933750
5768680808975975454
15710810454261789030
16006690186297207188
7052033783311749284
7507718231411527852
15873665821680488233
8730652927840607094
18364980304597523787
422038322139130802
897205728850903255
13733727429146119349
3245530202421199868
16416227004368627260
5387798283808751830
6927881169441769344
3050831360795325180
17192701042065947028
15200505378000835474
3750737106312472555
10811463575565779198
6199144107788385379
