0.14280650847638643
0.69219699031167836
0.50695745948705484
0.25501975832904955
0.92472552078128867
0.78656787733350131
0.29396613941709437
0.65953412772250231
0.32161146022682041
0.51562373732110911
0.97077685150782156
0.74091908837263298
0.20869294332521993
0.71426834431428066
0.13615340162240142
0.39130846171386413
0.33458370410513416
0.50856030128999696
0.08596199902264334
0.45326642594360156
0.75697292803765903
0.99107679659169479
0.63593802041781566
0.49916949683084211
0.47755710314263189
