5539159808751090741
511222174806540422
5237203322356718971
12273261986864889323
2751645158798813654
17509085259533641106
13926439117219371960
16318949821541742271
571190380471590898
6969103067898365055
2613348461275094374
10808480103776394235
15921555404976959317
8305627265944882666
17413749908719246596
14681884878090861337
5670321820238959123
4196688164650262679
9327629202345928088
6390787507824310791
13315082639077694315
17102485635491106400
5949716466414932483
2502025284013889771
15748898775287356139
