0.54067442762026319
0.05949165081171659
0.96307830878221634
0.42746015788907366
0.49493683745998396
0.84737492716716367
0.39096988806854360
0.53038094953710246
0.33017993199178852
0.10433473834169948
0.83738611702997556
0.81131774020804426
0.55551681570664857
0.94038862368280352
0.82188402578613007
0.62879807215980454
0.20868868294780063
0.23411352028498988
0.08897083570927444
0.35157733292116278
0.10791324956020998
0.71566359308373639
0.93705216920395451
0.88262859740923627
0.63927009094138498
