13179399190368564732
1929059424984637592
8639103700589973935
13023457860555257323
3589781677383740266
11679906736089421741
1994256032170575724
2805711140388694320
11188743799669390837
12733474264051886645
10422198022338584547
1437732953413355885
3301937333171266963
3988744724083659508
11130076797728233718
8522337716543250234
9286698281169028479
15738921263489620316
9172672262166578605
3680002309198577491
5571891584198587971
3967594473254267971
11221935096633893756
5519031795396669593
278922313795784526
