0.49919057730314165
0.39890918700922462
0.63529128267248758
0.88844197868514219
0.31272081327335954
0.85168474130093041
0.86772441371429176
0.38229151741538858
0.40699422084527048
0.86051314845874416
0.47328964357908576
0.99556757719490674
0.02287874328676909
0.04863762001932959
0.74450685575019915
0.17594054481661925
0.88992544910758353
0.29207313021095616
0.37556119073150918
0.16538589946306004
0.93201819103508476
0.82402104768530504
0.20332786595429886
0.58609061481881597
0.33605627546074401
