0.90369935044304439
0.63353510463036644
0.44166338500712810
0.42625383858465404
0.20039328679137691
0.09320262003231794
0.38245866044792531
0.90358405304498002
0.97674678989309172
0.35493376527793496
0.46226768437647436
0.62720441514040537
0.10543086811302471
0.97275711689528732
0.28760338657828266
0.61976385031061410
0.07465809481128616
0.49163131064026455
0.53929544820279329
0.72419485387355298
0.81695141365257407
0.87368429215531307
0.95468160019111636
0.89361931657786697
0.96778063229699707
