17600791114971765547
16245186346707256076
11277774873412776341
15610511456106258880
14226448661646285077
11403679186323667535
3934897879058299243
5768045713954406217
13877219837880680231
6006809344586121603
11507445391704909578
4277477431514830070
11208195699254438490
16175113526188802133
15903332331846414233
2955002830088806440
14060733112230470156
3430971147210406885
8677030804452641080
16694681989358867099
8573819082305493126
6848618064167040573
16295365643439314195
17816660196890602006
17208745752848732785
