6311218155799812574
5767444295457951408
15593822215852657558
15734013602517781599
10338593824107646612
598850939381748136
2161260565796293142
17027663068527809840
15075227423925093859
228785137567911974
11718026493472138878
15100511941852196347
13593237443698203933
4883222671504523763
16218547646321964360
10908851439292203013
13671960013318277170
12023174851636704601
11866943711868647950
10610667824888154601
481215527401139140
2578071749922148222
17861333120267084210
2209240669439817458
11329442765051072301
