0.13387664401253263
0.13640703636619722
0.45121490384453811
0.02102422841672702
0.35089811378291946
0.91135804791117681
0.47075213249023240
0.07442504007116668
0.56984714870209663
0.63523121831373608
0.08945319364465443
0.55617889912237994
0.78965196950648353
0.22163367399339629
0.41866852935895693
0.24977792341670946
0.29186466052722237
0.80323632216729035
0.47459380568556342
0.26993950415948043
0.28604181535318107
0.74899078150499221
0.45812455122160234
0.30618667673745659
0.32175910193758450
