0.84858133035984651
0.25206444416930907
0.09997602833597774
0.58874252824807982
0.05231995067528583
0.51682360021958407
0.96119816268490510
0.38569145452174391
0.40710948051361495
0.47059536915036415
0.52365516961587888
0.72614087758557966
0.76364109403852265
0.29122980645659358
0.63447803666147684
0.17633503359954772
0.44377545271721852
0.30324156219125187
0.99871700271552344
0.87973576994626768
0.63751929067470248
0.39439566049766939
0.98497708975430220
0.34453669027361378
0.36802768283103915
