1051482592300462104
2486840392641638446
15086280096661915182
4587875774197293868
16377070600830533714
3896867329046451044
8061671055456258746
12366256682298408293
11969742437340842804
1533536370711377720
5691150901749931593
2071257558929012993
16653216524244212636
14458796818717947069
14800449162888275294
4129947558099235248
16271275931289392974
2041281166448476152
15084492955523176426
3258754475277259304
18373551104080659650
7477432038342772506
4017996201504519678
11783390924133670905
10825365085161969096
