5130202349897572184
11190853130969577787
15356156697701272736
8586441879235994247
8343112087731385632
759410821585224867
14154818275505431972
15329277763332472048
8600550800846899953
7524337720994187471
2056160596995885841
15515375123414488992
9619178504856048768
521935547239080728
17203518310157327820
6353717280432381379
14543094221302695862
11977852332636173863
15351515530225738225
4615154427469061696
13515385194134637174
14587012964807380186
9593522384034810917
16920036745528635892
11354550391778712465
