16343129568499098007
6303970109827397037
15016539290932550156
9373998455465920970
11810500570713500147
3761533386900840932
1292931412403392406
4738459561595189676
7672201656286055900
8165097887506856816
16758519755323696086
6942113895379131493
516635041775366748
5770123971982879618
3207552954544122535
6163924896920690625
1129048891285681220
5631115464360695484
3685535416606420929
18163047090222565776
15578006735102719303
13928322342882893925
12557927781914850042
4847421996752611298
1497436942140065553
