0.92805524136645567
0.12635651960523209
0.62572684380771826
0.54482479045331844
0.59170001889575208
0.87866624398414006
0.96443373491046369
0.76247228572867998
0.61586466517533300
0.31667335654424422
0.61193723086100904
0.48488335303932184
0.42163902753973037
0.50614825734097590
0.06181641579055630
0.45505867435268921
0.03173772640616856
0.85429989116250382
0.03497096816040424
0.03284980214954758
0.18148759081967059
0.51190434324022405
0.61233119952538873
0.76214717830411827
0.00679960921097056
