0.64491224270482317
0.06441479844774201
0.59642952414149175
0.63137432221667689
0.81590802194440026
0.15821540926195932
0.40366803775078763
0.28935113073682095
0.90547612359497054
0.89365322906867239
0.96220530042816688
0.72320862439929512
0.71755509932677308
0.19133807672544190
0.19117515564281373
0.76264501872962753
0.41989745059943029
0.96657967987557647
0.74196565977703000
0.73394956511708365
0.10289825285567733
0.59821221807514491
0.39455706436507565
0.02754991898815173
0.45043077009425436
