4662990222375852864
3853742664739929953
7324176078600783820
11241240773931753027
10185457794824900117
17685451385014385406
11851587802048943753
5046548472259522969
9864766499568200602
6047889977433117483
12757477493383384973
3502941052751588543
8572107717844019120
16915497941045739551
10014696343032066329
3230286930661358776
10284381202636928510
2365679741814410726
16833340221345481386
3210138037221584620
7793561462218974062
16133118582486694281
781329465805251174
11905644900272167650
5259676932466105848
