0.95414079821579756
0.88065331647659317
0.61136940092782843
0.84624752171601314
0.77121732728551995
0.61819468740699246
0.21331124144918057
0.31268638470325338
0.75228559481445856
0.32562978705532519
0.62381986467223849
0.23188251620030476
0.60759750633871745
0.87685466126467848
0.86212137319734217
0.16019102440415500
0.76223386935095727
0.18599331857703028
0.47038278244555987
0.90502052409087541
0.46478766377666447
0.37126432918466878
0.88337354160312775
0.96584308459524026
0.93288797654946476
