0.94560087142466942
0.75109313883865936
0.44761237273118859
0.89796024678021602
0.19542189324243864
0.74937793547288456
0.94756167980653461
0.28954093927136915
0.87373622097470249
0.98688426554253372
0.05972783150184469
0.92473302065408591
0.00379164924965447
0.46880793746995930
0.44467195905416401
0.15200742691751123
0.26176364715560119
0.20559983456407360
0.14807150432334659
0.89417101187449244
0.01932907086615676
0.77721629968887684
0.08608478971597788
0.73503094233355826
0.63645761302459636
