0.13387664401253263
0.13640703636619722
0.45121490384453822
0.02102422841672713
0.35089811378291957
0.91135804791117681
0.47075213249023251
0.07442504007116668
0.56984714870209674
0.63523121831373619
0.08945319364465443
0.55617889912238005
0.78965196950648353
0.22163367399339629
0.41866852935895704
0.24977792341670957
0.29186466052722249
0.80323632216729035
0.47459380568556353
0.26993950415948043
0.28604181535318107
0.74899078150499221
0.45812455122160245
0.30618667673745670
0.32175910193758461
