10974876737696274579
6587142220960819545
3613599208022379169
5398418513557316067
10455297094567484558
6068494892582051541
3541783398219291474
7448478281407519866
5064874166453558587
13973697344572449131
16223835043323077975
3001105617882739746
5855796453009903629
15187883955820865374
17231530433622533123
6520865622092532125
7128105244110167330
8587801900428816893
5862772725699963613
4110377127363961210
6412916706689029727
9005390136530890851
1909342775512674459
12027379658962147439
4913171871448071435
