1862244790103556914
8031402127967171263
10544670860630102619
12836945566936353184
10754756453289103201
4783165325961623626
14236688481268821827
10680540560307755818
13778862216975360463
12239681787105468364
14373859660366514620
7985640463606538625
17107697975585816308
10441603404219574996
7596187656264070554
4876870285360413549
10460574816620009635
3892493841380245166
14451835865794964477
15104049608885287800
13817808076477492075
5671986770994008370
5343583770681230792
16531225181907272869
15622203152064139529
