145888703348579424
7660737284259764676
462457837718287304
9239874261584598394
374745689587786028
5073431743912574520
10725324757632492340
12331011757474778033
12778529714994974294
3574333401327617201
8115881955477218041
11942475895212637688
9668725607019723064
6122658133620577802
4055710587794356182
12707934426850400095
16145742298221052687
12195052669364719375
11576879053579991111
4750590204278350399
5207750338031546738
3622977634215389560
872736237250772102
10751389960675905203
11953406933680518024
