15078997923492000035
2652068964728205178
2986042976426899759
15947643222736127721
13075316628037283204
15534221474449519509
15926968475198585697
4097674474786265041
13066161692883316193
8331226000583510113
10207730708248674305
6731683817980879866
9297881791690452
8672181580898382917
5028990473316445895
15388912329784375469
13080291816646435410
1306598750870827723
379908060751169626
7970994007201334633
11196896961643568653
9042010776660623993
14112047927988440137
2423429166678086013
3761702949446857352
