0.34213182177740575
0.31265378174123193
0.84534279618900865
0.85294258648831278
0.56045629422713639
0.03246377447363391
0.11716217003717955
0.92307146456245215
0.81722971618663209
0.01240246715917637
0.63523548907325955
0.81860039264997264
0.73689087837844480
0.26472003145878376
0.87920922963509696
0.59137002149011153
0.74115843742873111
0.65177761471587992
0.64330830765855918
0.57520545536328893
0.02608674601210359
0.13975754960445486
0.96826480862404340
0.11976317666749903
0.61417032294592755
