0.64491224270482306
0.06441479844774201
0.59642952414149175
0.63137432221667689
0.81590802194440015
0.15821540926195921
0.40366803775078763
0.28935113073682084
0.90547612359497043
0.89365322906867239
0.96220530042816677
0.72320862439929512
0.71755509932677297
0.19133807672544190
0.19117515564281373
0.76264501872962742
0.41989745059943018
0.96657967987557636
0.74196565977703000
0.73394956511708354
0.10289825285567722
0.59821221807514480
0.39455706436507565
0.02754991898815173
0.45043077009425425
