0.34213182177740575
0.31265378174123193
0.84534279618900865
0.85294258648831278
0.56045629422713639
0.03246377447363380
0.11716217003717955
0.92307146456245204
0.81722971618663198
0.01240246715917626
0.63523548907325944
0.81860039264997264
0.73689087837844480
0.26472003145878364
0.87920922963509685
0.59137002149011142
0.74115843742873111
0.65177761471587981
0.64330830765855918
0.57520545536328893
0.02608674601210359
0.13975754960445486
0.96826480862404329
0.11976317666749892
0.61417032294592755
