0.05700098554514266
0.13481188781633857
0.81782888277628374
0.24870924407391615
0.88780277621844761
0.21124960120199743
0.43702406360945922
0.67037611802306596
0.64888103773284389
0.08313317323554059
0.30851790858100558
0.11228309725839292
0.90277267672285377
0.78381294611902497
0.80233395680823671
0.22388490573711983
0.88206763569075297
0.11065807376585901
0.81773200166102578
0.17665743408462331
0.99603220116588453
0.40535240302919739
0.21781601053548527
0.63877890195958498
0.58684421716406676
