0.59494926008854632
0.35708969532183554
0.19589360559148805
0.29264885401924057
0.56678279119557240
0.32897376731273231
0.19200046274112237
0.40378281672065641
0.27456737873173276
0.75751565093201878
0.87949586000086699
0.16269026153834598
0.31744336179931254
0.82333683901793597
0.93412313656918189
0.35349683369793816
0.38641535956847795
0.46554567386600343
0.31782154629963311
0.22282399056113678
0.34764491126804165
0.48818317750531637
0.10350567926151732
0.65200555777773628
0.26634358084093346
