0.71445666171256483
0.10457452097109921
0.46832675002536062
0.70600306528437151
0.19460245466840542
0.63316901288481142
0.10810883612858302
0.15209790568881021
0.60654301674926347
0.69028302301866573
0.56498848689468095
0.07793965957723803
0.17899838150176406
0.21623028476707995
0.60336267220137285
0.46199685334656715
0.50343292258304306
0.85320863132268732
0.49725155970692658
0.19949332491923844
0.30205284802209043
0.21508372737218784
0.60834232056308990
0.29918731312928226
0.01512040892860356
