0.13887167960710978
0.24391570649066641
0.60618601100902614
0.16554562633860048
0.13386152282050701
0.38154269161009935
0.96119009006329847
0.58659954013052651
0.59288959429046806
0.90207385019728503
0.58282784646452213
0.78756840826930985
0.31858871799332567
0.13894041625642017
0.86758087989472898
0.13868070300864932
0.45514828585779676
0.69674555923317050
0.55532496272628762
0.43324690387571085
0.34405385196265958
0.95166260217497489
0.06825616588688399
0.16477325430002809
0.31222278075625731
