11923715878663770243
16314236890984206651
3269123712797201041
14726320553291376200
6001145344701882086
15061166855918766572
18269883496851080645
13824017192474205931
13448297437695623420
4711409738585426565
2134492382003007506
2099651295129085330
5372830516548548700
14672987567526087731
6133337961708450112
3999383684627045128
14580234405562392145
9105351060715488550
5020501434510691038
2747621868804121985
2318806249133077192
3029021279133649307
4972277600445875139
3680284476867856454
2868266785406847883
