0.94560087142466931
0.75109313883865936
0.44761237273118859
0.89796024678021591
0.19542189324243853
0.74937793547288456
0.94756167980653450
0.28954093927136904
0.87373622097470249
0.98688426554253361
0.05972783150184457
0.92473302065408591
0.00379164924965447
0.46880793746995919
0.44467195905416401
0.15200742691751123
0.26176364715560108
0.20559983456407349
0.14807150432334659
0.89417101187449233
0.01932907086615676
0.77721629968887673
0.08608478971597777
0.73503094233355826
0.63645761302459625
