0.10095249235650450
0.43538318176233559
0.57162775276198763
0.69589221358752795
0.58301651556042711
0.25929591188824641
0.77177242901955057
0.57899326394026074
0.74695361750115608
0.66351447920555040
0.77920849353855648
0.43290243696651809
0.92741016556780032
0.56604045475434506
0.41179015797645391
0.26437566791588807
0.56706889708132857
0.21101251396054532
0.78343559210494151
0.81879216996411308
0.74906487677523226
0.30747901897103735
0.28967625665154373
0.89615951280354722
0.84688132982389186
