16670310637200402005
11686659936827174223
8147251429954742160
7862995470807416597
3696603675530010721
1719284878735365576
7055117028056660275
16668183775605942778
18017798057975219930
6547372331200165757
8527333667239166851
11569879327995738404
1944856241549992671
17944201581246932243
5305346066941733286
11432625132816735411
1377198768014540167
9068996966003360556
9948245113113415351
13359037128902920117
15070093648304262296
16116630538609146172
17610767150605028295
16484366832235148195
17852401643475514398
