15653562626876067649
4649768291673094620
1844232208219717265
10860382743901045119
965132740056106023
9533712684503848110
17730976511168282708
7114751552979398458
7509844397015501403
8680952336989640524
9659732896779085062
13394934930280045925
14086691825896197105
5372241706340747553
11704053962683971576
3252807236039832143
8186212202469124410
5593819490253901955
18423076951155549385
16228260600686623993
11760155197129085280
7275315812982147229
18169620293164857136
6355580149480288880
6788912477224530375
