11896531091177931744
1188243301525080924
11002182789842471901
11646800536642870282
15050846468494947381
2918559163172578822
7446360983125305609
5337586256140608307
16703086316811019094
16484992407273937665
17749554923365205993
13340844406193335015
13236555276066219247
3529564532910030492
3526559169394575640
14068317479594865790
7745740808410788312
17830247981512864258
13686850637387926872
13538979790725263391
1898137736060532149
11035067688598324923
7278293188816698283
508206304825866839
8308981138852615417
