0.30027845491961613
0.02771340962740076
0.28390936099237274
0.66533486548213350
0.14916698295394470
0.94916941383101472
0.75495377729381763
0.88465204245987450
0.03096429257050592
0.37779583432454000
0.14166990395880530
0.58592888048903580
0.86310924797121713
0.45024895627961403
0.94400127410763301
0.79590657405040932
0.30738876180975194
0.22750292126790095
0.50565179226613433
0.34644528499381699
0.72181207620560295
0.92712760404507943
0.32253477592799240
0.13563506242707601
0.85374951332104254
