0.84858133035984651
0.25206444416930907
0.09997602833597774
0.58874252824807993
0.05231995067528594
0.51682360021958418
0.96119816268490521
0.38569145452174391
0.40710948051361495
0.47059536915036426
0.52365516961587899
0.72614087758557966
0.76364109403852265
0.29122980645659358
0.63447803666147695
0.17633503359954783
0.44377545271721852
0.30324156219125198
0.99871700271552355
0.87973576994626768
0.63751929067470259
0.39439566049766939
0.98497708975430232
0.34453669027361389
0.36802768283103926
