7421220750410228029
15283590113303053322
11708792318481917054
11634221764101085765
8061483336233412121
3659728678203487267
8435144196540868130
475053817518610948
6822167028194233895
3536724707508476455
5084432980675443677
1299862058687105221
4821521654276395293
5263208874030295261
9489403371417437420
17253848621135773291
9191681589140394837
7504826625283060001
5958158080860967842
5246099767648560275
9483957734827245325
18162009139664031115
17485632780952767479
9538417380361901581
5346432370121829127
