1862731731732633817
1157150797366805078
9107998473587890275
16353122882136718075
15479644474898954367
17139593607682665268
5292162433097298564
4925966333179022513
9151950586518157803
6486985803863354919
3127499591139421567
3432520910660712555
6082232241392039248
308397996219272281
5807819102330137091
10681188039964515534
17880102447769212576
6280976094724009506
11933532362630050708
17985116972423102135
4038442605003288854
3387640382311307292
3590877463460586328
1520223063301725566
17694532621526349436
