0.84425467119940556
0.80064878383737337
0.96257197096371916
0.33050382565230707
0.74323629783798284
0.57651275460304319
0.61680285397738299
0.73464439123786562
0.66757799829564923
0.34746325640366649
0.43040483941460728
0.97740653323008619
0.67753989198543907
0.95234116815468040
0.22703201750899227
0.78152667335214054
0.91257246001133396
0.07490883144785287
0.28317534180363524
0.33395848991161181
0.91847617956038585
0.77939005103374293
0.08057740465262320
0.71699283149393367
0.94461477023272955
