0.10095249235650439
0.43538318176233548
0.57162775276198752
0.69589221358752795
0.58301651556042711
0.25929591188824641
0.77177242901955057
0.57899326394026074
0.74695361750115596
0.66351447920555040
0.77920849353855648
0.43290243696651798
0.92741016556780032
0.56604045475434506
0.41179015797645380
0.26437566791588807
0.56706889708132857
0.21101251396054532
0.78343559210494151
0.81879216996411308
0.74906487677523226
0.30747901897103724
0.28967625665154362
0.89615951280354711
0.84688132982389175
