0.10097888951511036
0.06272927041992127
0.49374558660293244
0.88650456778675213
0.83915320844943408
0.92913923124841047
0.28688870035551328
0.26703717000115745
0.49612823541914863
0.35166020507156370
0.16954209255804431
0.18607733142201333
0.32971847048393144
0.01671828887455551
0.31484250440745731
0.57902836388278567
0.96928229590673831
0.34049239636146444
0.64691808564947884
0.97497514469535218
0.21892441229012938
0.18364435310507721
0.19466185735066033
0.08241145739471489
0.95922253546872482
