2469588189546311528
2516265689700432462
8323445853463659930
387828560950575246
6472927700900931384
16811588669333006409
8683844110200328628
1372899666868390665
10511824513240686848
11717947711864209424
1650120169738923776
10259689811308065563
14566507788786802277
4088419662272158307
7723071212801033180
4607589428530663833
5383952696905791169
14817094865727719610
8754710472449431523
4979504948613991400
5276540162199416783
13816441259990302567
8450906350267941188
5648147264555499867
5935407806829245027
