5481623214901833129
1079107023524393883
12061773956529705304
13966885236231037084
10192134937007884779
17413580756157860290
8039155196128092593
14647813942193320179
16098811684940013315
13610944341893408834
2965669116114614368
11180678320974471411
15440324009357949524
13141679666949297766
17566304973004226662
9947831386553065196
9750829909180622404
15897684165801758773
11362788311189394818
13429071811975178593
13000803573874443414
14923874102285818922
2542302204292864856
2291069635827406282
799557758562260406
