14549200840555061650
6384646472983379869
11912237132329770840
8916597495536794699
15876473715346286353
3628848749910267998
10290267604636015640
18313244139913542267
10774071958669960972
6149487046808753913
7626184715376806580
17449723232948899961
16743745141001343305
8755677530598271061
8299234502200902558
12765746262829535562
14647349095399725927
477266649878097625
12735349779934021457
4129130346035541022
16838161046048743864
4381395258226214957
8602815585076477246
10195402204346160599
16939984696515341674
