0.40230518300446383
0.82852508021105742
0.63473490344398409
0.63069242559082672
0.43701388732999791
0.19839428918078628
0.45727008315590523
0.02575271905006049
0.36983041565135821
0.19172623056819249
0.27562766417526319
0.07046566339800198
0.26137521261261865
0.28531912477343158
0.51442158754410283
0.93533300793857144
0.49828205738705156
0.40683746656294761
0.32299239676407632
0.28439163825801350
0.51412637899302005
0.98456448829626642
0.94789805241963709
0.51707864229309342
0.28983067953664554
