10067067877063944337
17374283780767520087
8933029165407988843
16982774975089173771
7608394382414272404
4171576685296146749
3413415586396466699
4306465715213185033
10148966868960308983
11945458039778175913
3437058241157333834
4406329089217686093
9375351593027164361
16750179629839580258
12517831893651511181
5945423706053045147
5814207230789836558
17136899697510864232
17171726139808214150
12563863119516031605
10117498055059771737
17102221205238852064
693973909392203237
11881421236732312087
10930914070331923606
