0.59494926008854632
0.35708969532183554
0.19589360559148805
0.29264885401924046
0.56678279119557240
0.32897376731273231
0.19200046274112237
0.40378281672065641
0.27456737873173276
0.75751565093201867
0.87949586000086688
0.16269026153834587
0.31744336179931243
0.82333683901793586
0.93412313656918178
0.35349683369793816
0.38641535956847795
0.46554567386600332
0.31782154629963311
0.22282399056113666
0.34764491126804153
0.48818317750531626
0.10350567926151721
0.65200555777773628
0.26634358084093346
