0.25278120646892821
0.20891180846555535
0.39704438080426663
0.60938888342647191
0.55215477344542852
0.95873024065096846
0.64247586211920849
0.27357394085885900
0.53477006349470335
0.32785677262431479
0.69158424068805957
0.18989481497409655
0.46469489052331225
0.91699098081779351
0.54289777659490024
0.17511420539872879
0.55751742212840216
0.12824375577400648
0.91253720190851972
0.17402193169669966
0.42248981343685588
0.87457811080491676
0.04235595521264968
0.64540630328580251
0.28512765783758220
