0.17932524525726634
0.85352161714659747
0.16559075504669984
0.82661700729839049
0.83786755167197380
0.30411427956071335
0.51689047322225590
0.65166693582987645
0.93289098658789305
0.05914955586397930
0.10863416556761407
0.11760659516399963
0.03455490032772257
0.53257310257928825
0.58822456250086907
0.68494301211931818
0.94004885597057730
0.13022708655555693
0.10754188698818434
0.30722680895088883
0.60273420837623326
0.62835625889237923
0.47177138977913646
0.41004563302395136
0.36477095191869224
