0.41265335557430649
0.60684498847944202
0.23614386462463599
0.71263423171487172
0.10781450449901775
0.65534083389688402
0.47947909852584492
0.50137061542393724
0.59323853626856116
0.27253230192811828
0.00023359912220244
0.94163306620808529
0.68172887372389723
0.74394298272152903
0.93936623898332194
0.26973131282536567
0.95199927558192832
0.13655808838329586
0.31187341589142026
0.89159591269400440
0.65629474666191334
0.73173070518934835
0.55370475756278092
0.92578663300616681
0.79595506877387068
