0.00790864245558109
0.41528940032175699
0.02506988961685586
0.50089458739514592
0.02031500453903290
0.27503128593534665
0.58142102014188579
0.66846548681992257
0.69272548390840616
0.19376500194534529
0.43996284238821526
0.64740291552226548
0.52414266541485055
0.33190996249287374
0.21986051151295516
0.68889850566972688
0.87526244380611840
0.66109512988501884
0.62758387102466784
0.25753001100334727
0.28231271151279624
0.19640201109413591
0.04731112622170552
0.58283401763018283
0.64799548830498555
