0.05700098554514255
0.13481188781633846
0.81782888277628363
0.24870924407391604
0.88780277621844750
0.21124960120199732
0.43702406360945922
0.67037611802306596
0.64888103773284389
0.08313317323554048
0.30851790858100558
0.11228309725839292
0.90277267672285377
0.78381294611902486
0.80233395680823660
0.22388490573711972
0.88206763569075286
0.11065807376585901
0.81773200166102566
0.17665743408462320
0.99603220116588442
0.40535240302919728
0.21781601053548516
0.63877890195958498
0.58684421716406665
