0.00790864245558109
0.41528940032175699
0.02506988961685575
0.50089458739514581
0.02031500453903279
0.27503128593534665
0.58142102014188568
0.66846548681992257
0.69272548390840616
0.19376500194534518
0.43996284238821515
0.64740291552226548
0.52414266541485055
0.33190996249287363
0.21986051151295505
0.68889850566972677
0.87526244380611828
0.66109512988501884
0.62758387102466784
0.25753001100334716
0.28231271151279613
0.19640201109413591
0.04731112622170552
0.58283401763018283
0.64799548830498543
