0.69178851513396500
0.91523771717178326
0.18011159502530771
0.71636137404423705
0.08335662009735156
0.93538359047952169
0.03483938519558250
0.50475107431876431
0.31504720026033539
0.40920715842252398
0.04436566208630632
0.50078182507173963
0.08342492465064055
0.76018360429253240
0.77897138544809585
0.18191143248575525
0.92555226478760833
0.07182369086166551
0.03636160771235730
0.18231008727138887
0.92056206919217931
0.74821190211021238
0.98372577105811898
0.21265422066966855
0.11004671748521277
