2238953005254645865
13196517606265698762
12411352183924924480
747819557851517847
16333607456757812307
17910528082600095928
15065813517477313502
7675279884608345599
5935906536031122187
12393574454107062986
4919898179308811918
13398763235367458379
254052319894318348
13062180278191632374
15656554437788074981
16865079543073151147
3569965379826781122
12350996978092503869
6547153693788551019
611783784481261540
941803474994745202
9236849050940581174
2222023254636026918
3026386525001809852
6782781422869866449
