5578866196696484940
9839976654656289598
8001983883315086199
9459358560438816230
6884592751892910978
8686822998216677650
15800568457256523338
6460315584464227293
5644403336635020959
14789617695603677505
8325568991425013367
4186105177243956219
3690275270030075026
10991567049113289733
17323341657746152211
3743675060530544034
1421664480568420954
4679932228921894230
7823444670410467249
11508045937206396967
5472167471119816479
12766114224225997631
8396299752168155428
11007639822182110720
4020718906115268783
