0.45491214107676758
0.82616710463939291
0.28700069405420203
0.88857481639881331
0.42964073171228034
0.42066611161803585
0.02254858273514004
0.48409005161384622
0.17173536002206352
0.54524287605737365
0.08177108215075134
0.50492481996189864
0.14624456090909965
0.49739675751397855
0.93131912338202705
0.21980262762542646
0.84772671282071466
0.66899041997412123
0.86528874006337086
0.87888378385572685
0.93321758284098166
0.15150907057570437
0.84675635432097951
0.32118445707854976
0.49898022648453350
