12627198355964326955
2035678059162774114
9197899537978043679
8128248963290667069
5132817598531010686
5139053093432120280
13840042538143380003
697532547194276427
6251038826254295345
1169229388698868006
437017207095197423
16006347113177306703
15288854421106412707
14177148166902344365
2317463395623519296
5214851213883019790
6808175917690460103
7301004080910660061
3314518152776017631
3741613302773418319
3406109521819892632
4317706953651477140
9581761955290770676
6357783159802855957
6789992156283519124
