0.56656157517228090
0.74578175726270113
0.97100275358679633
0.44435921705577208
0.44426470082635816
0.76289439191176112
0.87734868676417299
0.52306717985098150
0.28550868439696664
0.79399660566230568
0.40414216905022571
0.60542036897532914
0.45493790747028962
0.53007899750158904
0.43596539982472515
0.16703498914055104
0.64533464021950604
0.81535058336809974
0.68170497338058855
0.88432456353978994
0.06596019314557655
0.08141465400346093
0.49587995158920439
0.12310888693805222
0.28691135482373908
