0.32382378344663165
0.74687056815843655
0.41945086215339533
0.30780876833434723
0.05239808841884963
0.75109901352766817
0.20381433152108130
0.72202730471899035
0.91806223018397681
0.98139207647539661
0.58408762725041219
0.58248803165986185
0.72899862288146811
0.74299201366859913
0.21928504490089151
0.96263244363407352
0.89519560620175398
0.61010049786404241
0.47938844807339642
0.42512428440767847
0.18225730403254914
0.15763345186326683
0.77118520567189341
0.67709859965482944
0.51668512059321159
