0.68452179449709571
0.11035432871126774
0.49861913306896061
0.44063325922513952
0.27825059956495757
0.27858862642087284
0.75027020935734234
0.03781331515236911
0.33886949378580722
0.06338405216806055
0.02369075026730803
0.86770581568319594
0.82881045890890914
0.76854474211022039
0.12562994240953268
0.28269765076403203
0.36907195603117449
0.39578822429244354
0.17968038909911996
0.20283326357338019
0.18464556716403452
0.23406336296523503
0.51942835640826046
0.34465611570250060
0.36808621235010630
