0.29127540910909244
0.98046968896677378
0.65305707859944273
0.84335244700625789
0.43241004773538105
0.82690830041073182
0.99286752724157168
0.10307942934255325
0.94509087497671918
0.50791026664200356
0.10415768301195302
0.03198661859247567
0.91172431053497249
0.17368234445435071
0.37961364529776798
0.86031240834531530
0.45223504611359655
0.29695384689094206
0.44408261027776436
0.40153043221269269
0.49220681402388616
0.21090529863697449
0.33343378949755303
0.38101853987757545
0.24036864021352594
