8391647842466386121
15240093141400501090
5294228352194879726
16391312228452361383
7925472621537743007
7759920101500444131
415947934939994034
8929885290749468448
3167958234733376595
10057955792643708282
1508410225065189244
9314218930301016854
2697735987262189732
9175350688953331013
17179805519979782334
4054642818535122847
15637797715850796414
12340695065026085682
15961759937811592162
16212544231320055056
17214825915753430947
2794849049755616641
15619897760946433616
5924807480181357575
9204560535801818331
