0.29127540910909244
0.98046968896677378
0.65305707859944262
0.84335244700625778
0.43241004773538105
0.82690830041073171
0.99286752724157157
0.10307942934255332
0.94509087497671918
0.50791026664200356
0.10415768301195294
0.03198661859247565
0.91172431053497249
0.17368234445435060
0.37961364529776798
0.86031240834531519
0.45223504611359655
0.29695384689094217
0.44408261027776430
0.40153043221269280
0.49220681402388611
0.21090529863697449
0.33343378949755309
0.38101853987757550
0.24036864021352600
