0.63221941011888083
0.81423345723705010
0.47424170715352576
0.05704158129195665
0.24170231890614780
0.38126774561338644
0.70688747287640019
0.70533928185798322
0.62654428861444067
0.86072681531365913
0.89084601858023726
0.07532014461491700
0.11021313181530412
0.35025576184284035
0.60207030829348163
0.84289292960321649
0.98268905536697138
0.82541120291514103
0.06678256051442372
0.88275392282010823
0.96818151043915057
0.97079525012964518
0.82743225807994647
0.31576764861039824
0.20863438020591349
