511134211599025347
6707525304930322697
18090578184635205520
8737951578177198462
5612830782169937701
17440189526960275315
3888349017809507377
7613914981349500048
6724345203378418599
17704049588572657343
11919966518937482735
15709148559468801663
2208151361637250701
11461948636890590117
13041771474300439033
15922233146310225720
7885293848480367438
15040306146966787335
8005524770619671531
1654049126988973538
4076888550044250065
11332213707064972404
7189426532832277683
15991058111478999154
16540498965670703590
