0.42274922393619663
0.15020893148031067
0.70355044156400848
0.46329971663370506
0.04759388529052389
0.36408536380058176
0.62387445802639896
0.92410267742069052
0.22855829561549823
0.07468280331529387
0.62359336456959980
0.69375467952071956
0.16610318932431800
0.92378906788460424
0.28794388835915885
0.30421042268068088
0.01802458779016292
0.08430154919307087
0.49546676748621266
0.60023174428802351
0.05137846810746882
0.58206249006009403
0.77611885054546692
0.82052713666636368
0.95169215834462395
