0.81714668510208888
0.48808811821738712
0.02358320191378142
0.14926960308736700
0.96889668238571913
0.04527008359132899
0.54859263995393759
0.22500756644355233
0.31499432998629323
0.69784838553856932
0.85400530035003552
0.88865914447444205
0.06285394208559096
0.76501627812217465
0.09637719368951390
0.07888795019091352
0.21852122891725323
0.10254243401897228
0.79780576893449762
0.67725742280564394
0.94292596749953228
0.88805488855230719
0.83630617143077202
0.73847956471332976
0.26287196853114225
