0.59785078923424873
0.06698092510276077
0.42648237116703192
0.15791449798654067
0.11421681929460126
0.64316298877513967
0.95316192615944140
0.52788325332278918
0.64128070180231089
0.41997316780898342
0.08729069715533544
0.71275175128379542
0.61009535505239898
0.64981188956280833
0.57034540661629574
0.10759949087535403
0.32129581885834846
0.47617057042404387
0.92656956020622749
0.87618781378433297
0.96615150139272077
0.57347878706000655
0.66184049066176664
0.52755121711969089
0.98685217969243066
