0.31669889671909102
0.41903025183336895
0.12082307541490367
0.73666579321288739
0.62707344664301490
0.65151609297878632
0.03097923114041434
0.44698927000606237
0.22917697639287293
0.97849691936594752
0.23474885660006872
0.14447980393552740
0.63238260887608411
0.14777951384326793
0.18396557090951082
0.61896997418643240
0.38209836398997565
0.67898133410191075
0.93033153736237451
0.20416344547457166
0.08950021429439403
0.43350919681953515
0.19949532504772749
0.97654855870587898
0.23637649128612936
