0.37734194915793468
0.74547134245389068
0.90788668024571706
0.56910922069076908
0.42523678969653644
0.72421317933734142
0.01018957763262178
0.54643457370877624
0.38878477829357239
0.90802061919759791
0.81534149732988170
0.22156228787747351
0.03441129181313431
0.89361735113341501
0.60240772969528789
0.31613830948749522
0.84974093953535335
0.58995607820268536
0.11783315755351423
0.64771580838370657
0.18294759204460379
0.40246260073119500
0.56400349779725445
0.60403311952047789
0.87786956807365202
