0.68452179449709571
0.11035432871126771
0.49861913306896055
0.44063325922513952
0.27825059956495768
0.27858862642087290
0.75027020935734245
0.03781331515236908
0.33886949378580733
0.06338405216806053
0.02369075026730794
0.86770581568319594
0.82881045890890903
0.76854474211022039
0.12562994240953274
0.28269765076403208
0.36907195603117449
0.39578822429244365
0.17968038909911999
0.20283326357338016
0.18464556716403446
0.23406336296523500
0.51942835640826035
0.34465611570250065
0.36808621235010641
