0.11575144523463232
0.18942042374377854
0.66939479200079555
0.71652504259014138
0.91604045159318692
0.88729559967248128
0.88487481081240393
0.18183658269221026
0.26838703032449651
0.41562967126024086
0.44105758878420243
0.92449064880299170
0.42356571773766871
0.07266914647346334
0.65865325200606495
0.80101271895298931
0.97509775629813811
0.67886721636785718
0.46669318920894287
0.49203969185787588
0.17972167851498033
0.52391022633873530
0.43590301241987117
0.91516899726088241
0.64666345920201962
