0.12137388561950180
0.71538465289782394
0.67282075006470565
0.04053937946248825
0.88544663445711280
0.97093167287588300
0.81671938729551907
0.41607775626633298
0.32178613810179241
0.67185701740018633
0.26670821472070461
0.72634841042021525
0.01377220385772011
0.70810221175063393
0.84874351675436976
0.91425779398703744
0.19352821102531176
0.66954888780048960
0.35492191292010211
0.03316486541129937
0.05105526868218501
0.50073059039752243
0.12045612199948458
0.16406074225939093
0.36769531770849151
