15073695770758363074
9003636602174633298
435033290142143230
2753538166136864505
17872989133835610488
835085646204684073
10119748029950976634
4150656992832406879
5810619789926765932
12873030570281381317
15753617213148563812
16392867806881713945
1159450583676658474
14112059494741563868
1777845426532798266
1455225827671328263
4031005184509069210
1891574037043229778
14716918840063735094
12493194350515816844
17393914002918843171
16381721252531069108
15427125911647317187
13622543533931224436
4849131927646211971
