0.30243094252321356
0.53342620330924972
0.43378841552421055
0.51279285507735584
0.37321452091401264
0.47091361833317824
0.85655053239317291
0.35021440958090377
0.30598371799820601
0.80174678179017833
0.45132999938404750
0.22692921637103580
0.20005022324180699
0.59585404368343575
0.93910023300185086
0.20294503168535083
0.07706858591888788
0.25369963448410238
0.42410978539895849
0.62385242030910792
0.29664679301963071
0.69205243880519640
0.45516432160701081
0.59672535045738984
0.21796360864818587
