0.23800806037080291
0.19283207071150621
0.39625233750977340
0.07581843587316495
0.93428988161640636
0.53498747880046593
0.13162995081174500
0.30579887968082342
0.46609059818083265
0.75188523649716299
0.46690282941236239
0.83425597897772141
0.71211445891264014
0.85985269239275797
0.80170809820119870
0.96671457913624848
0.18521487473721232
0.03663962416088140
0.54992939778821481
0.87157607052789243
0.68667185021262356
0.96083556188607477
0.81016327707859481
0.29338165589017218
0.25887969332717919
