10451216379200822465
13757245211066428519
17911839290282890590
8196980753821780235
8195237237126968761
14072917602864530048
16184226688143867045
9648886400068060533
5266705631892356520
14646652180046636950
7455107161863376737
11168034603498703870
8392123148533390784
9778231605760336522
8042142155559163816
3081251696030599739
11904322950028659555
15040563541741120241
12575237177726700014
16312908901713405192
1216750802008901446
1501835286251455644
9147370558249537485
2270958130545493676
5292580334274787743
