0.39234554189968063
0.59534169964087513
0.37205230386584170
0.63725308763746857
0.28843789476905118
0.13482634072353802
0.48764652157127159
0.75540605053969012
0.56552557080083743
0.80792323664615862
0.83608477479177201
0.14682406927083341
0.56558539595248758
0.86382827190312483
0.82513424063850349
0.66167831156369594
0.67966781110087593
0.85321889118626959
0.57306526484077625
0.04043802640467830
0.52111977633101736
0.07448837299069840
0.58810238936111869
0.02803939342618613
0.31490828091198819
