16978249880768452498
13822710167809794246
6100828572381909688
1311272102458622862
14765162360984090729
13250092405352834989
3653422203183388622
9148765102386584808
15920260076246399297
11280489403603233053
1097550767334543666
8549209949450118473
6325739213173042751
3415093336377817329
16121273108562874126
8794381607882897673
9475816831395534140
5960470492579313620
11345920647927484383
16012039146759858461
1811008340408709405
2172760948933650947
16056119743271369265
2979992149735803273
16119978635451372548
