0.44171899039861662
0.70557755449546178
0.83680153207331454
0.49173714172639527
0.28238537696437171
0.33720738992795785
0.21509783640180602
0.54445502717020677
0.73013078664199405
0.80965607788156257
0.96905831416745059
0.09575685608720008
0.66603927255672957
0.53126741480212181
0.56523197920038049
0.24103789624161764
0.69761753784365543
0.60074603969981466
0.59309112828833277
0.21915951333981532
0.15816932118470561
0.71925632267341755
0.70010972304588293
0.07752613273570874
0.98843594087352626
