6960730364391142843
13751519068531610629
16747553238422519493
10498212144070906682
7844234230257858591
13359375174043456287
187964530808169236
10079938734232374238
7171813304935438100
16750023975989367274
15040395933919468085
4087102820861314180
634776293322625393
16484330576184351155
11112461217713376815
5831722487011008808
15674953640562165163
10882768789334314429
2173638100786772479
11948247749750129923
3374787409348227483
7424124594927904562
10404028180542961579
11142444367838668479
16193835252352604664
