0.75633439834550975
0.08697761318409206
0.05250342698549302
0.31301149150323843
0.11728322402136478
0.28240190436271317
0.99939241011516633
0.66950343022650427
0.20704525730521445
0.66107820640880710
0.08272786954671046
0.32211125225701226
0.82005057319521524
0.14283780145403802
0.33795279525226196
0.01543245978505902
0.12826638947092045
0.33324311000661838
0.57496045788165007
0.60135423215844752
0.64703809681591617
0.34613258515555256
0.16654471558709799
0.01570485317599135
0.38257030170177014
