18199655470104747694
4250724133596086383
2812791271979499642
4144175069686660821
17812530530094958180
14504772802298695755
10678087779186073861
9672179582446231348
4231571023255886735
5458638342688477208
1427750704407354848
2539313371336868043
10653540173292982165
824294958595393070
5596635645475765936
11880189203372991896
11007103587492020222
4639397422415608443
13076677926010442089
2232431946974447384
12417528481984917832
13211683586063112009
11640445586159363135
17378855848986809666
4180313058879899972
