7798346741310347399
2770865716602664124
12978214938476610873
8546371302164112019
877952221427782114
6716189527012768417
11508452461337231992
17046685588209251808
4216156385142348341
1377654559464414586
11503267202278864054
12797515023057102582
3064063023292618292
17040900513357995959
5311627216150200203
5611691811745528573
332494957999244701
1555089102981814606
9139748656846320803
11072321371797444094
947765452077723968
10737157789044663891
14316865806793860135
15136054095618110972
17555621681939542793
