0.57165592494098061
0.41878213309135581
0.13922594212976380
0.33743046479844530
0.90088516022230436
0.90380308660251429
0.33094988795730373
0.80953466417678877
0.90483431434538597
0.39320563012348131
0.59932495556905840
0.14640132076448309
0.70858690719941209
0.32926605607855108
0.79196841964271336
0.19159796114833128
0.54133136024955120
0.57801858075011137
0.40938886502393557
0.88199181998521270
0.23912050970401422
0.77985282240416798
0.86898229617900802
0.92725215815466699
0.29300439286173485
