0.50373526418457948
0.16501259278703151
0.93621115171982872
0.76822575645010860
0.04933222445591234
0.47466872557512552
0.80233538946337768
0.83725904780774296
0.73036180033156761
0.06997674749071636
0.88111723009908938
0.94259083260967447
0.47520271839327821
0.45655811209431574
0.36295616700791122
0.44688979310164700
0.37401913625686467
0.26739170608962393
0.09080204814063697
0.94602626178875859
0.46694868707499138
0.40296087980171535
0.50268580515979788
0.70426528154052448
0.13566298307097224
