0.39234554189968052
0.59534169964087502
0.37205230386584176
0.63725308763746857
0.28843789476905124
0.13482634072353805
0.48764652157127164
0.75540605053969012
0.56552557080083743
0.80792323664615873
0.83608477479177201
0.14682406927083347
0.56558539595248758
0.86382827190312483
0.82513424063850349
0.66167831156369605
0.67966781110087593
0.85321889118626959
0.57306526484077625
0.04043802640467831
0.52111977633101747
0.07448837299069833
0.58810238936111869
0.02803939342618611
0.31490828091198819
