0.51321863613858365
0.75548671373569631
0.92624998292648708
0.20428211287369413
0.86893344109275750
0.72748903600083181
0.04540588668774481
0.31373909645468412
0.07221497406682864
0.88645331426807250
0.65813914019460362
0.29360052953324345
0.70780074011637828
0.10656828608433899
0.48494337973025636
0.16647677123419469
0.38699996153051497
0.07267338021740655
0.60054094904268818
0.26562001437667260
0.63536354484597835
0.29754969393886610
0.57753452875866318
0.92998263400844572
0.11606233281423439
