14363910914121555122
17721004890849468430
17797782447961681924
7709680070324754651
2283685860697096509
878635478171411807
10953409831862085686
3390795289824761629
14372613162214446305
17648230243363342058
8181611648295662771
751503997446790449
15223800469673932553
3410996008897057523
566596901354547926
14076791318364374647
6968410306692786995
4783867487232645025
16233623017200298682
14847874810744206066
17795851013635478483
2655874588072209968
16111243244697900246
6448062425241677988
13727036910805427951
