0.49013219683680620
0.51775831525747429
0.71072916133609487
0.03637807485758078
0.32982213761813123
0.62937775250055006
0.41368525776474691
0.23968397366032748
0.49290742549235805
0.78290313565614900
0.91675309029727503
0.24592234678035924
0.29774479933814868
0.38697260519180859
0.33696613851047724
0.46409714746711361
0.71887023220821711
0.43653292226948054
0.64263558453572456
0.86070483131059639
0.46073968892033196
0.38403972663457253
0.19306928425448749
0.04217941727643259
0.55256413751159272
