0.31669889671909102
0.41903025183336889
0.12082307541490374
0.73666579321288750
0.62707344664301501
0.65151609297878621
0.03097923114041434
0.44698927000606237
0.22917697639287291
0.97849691936594752
0.23474885660006875
0.14447980393552742
0.63238260887608411
0.14777951384326787
0.18396557090951088
0.61896997418643251
0.38209836398997576
0.67898133410191086
0.93033153736237451
0.20416344547457160
0.08950021429439400
0.43350919681953504
0.19949532504772746
0.97654855870587909
0.23637649128612936
