857715105992493265
10500707192848915252
15869350120764264845
9099286593733352002
13005002733687865538
4205418845885805909
12961354556410066672
14461811601299459312
4383587965652929516
11168762587297607654
15608538635221343975
3980901483580924248
3119777201928146580
18119053739387884705
2736682164498828861
8071186827420305000
5311280971557546523
15175837990160767737
4487350404975277643
11172229375200424933
12979517218925847491
5079706991045866508
9822494468096937844
18010706396786942057
7267851672154779466
