7866839774934428503
9432671467725140703
8189402003597232759
3113398365108133295
9150185186305619676
891982167893185253
185638122155412047
10933247517688119565
10187461428936623431
15703354379029104339
11820510573108684383
13212711470499718743
16441939676075717844
14796953095944995643
2113897955718810459
11027488280390755367
1219182306812693681
18323685748902542145
11177193785866536473
2690663169760982873
12153466966364244176
15250594987272135750
6242268678975912828
6351980644530312415
2988547533385876507
