0.44171899039861656
0.70557755449546167
0.83680153207331465
0.49173714172639532
0.28238537696437166
0.33720738992795779
0.21509783640180599
0.54445502717020677
0.73013078664199405
0.80965607788156246
0.96905831416745047
0.09575685608720017
0.66603927255672957
0.53126741480212192
0.56523197920038049
0.24103789624161756
0.69761753784365532
0.60074603969981455
0.59309112828833277
0.21915951333981526
0.15816932118470564
0.71925632267341755
0.70010972304588304
0.07752613273570885
0.98843594087352615
