0.49013219683680631
0.51775831525747418
0.71072916133609498
0.03637807485758071
0.32982213761813128
0.62937775250055006
0.41368525776474685
0.23968397366032745
0.49290742549235811
0.78290313565614900
0.91675309029727503
0.24592234678035918
0.29774479933814868
0.38697260519180865
0.33696613851047730
0.46409714746711350
0.71887023220821711
0.43653292226948059
0.64263558453572467
0.86070483131059639
0.46073968892033201
0.38403972663457242
0.19306928425448755
0.04217941727643260
0.55256413751159272
