0.45491214107676770
0.82616710463939291
0.28700069405420214
0.88857481639881331
0.42964073171228045
0.42066611161803580
0.02254858273514004
0.48409005161384611
0.17173536002206358
0.54524287605737365
0.08177108215075124
0.50492481996189864
0.14624456090909976
0.49739675751397849
0.93131912338202716
0.21980262762542646
0.84772671282071455
0.66899041997412134
0.86528874006337098
0.87888378385572674
0.93321758284098155
0.15150907057570440
0.84675635432097940
0.32118445707854970
0.49898022648453344
