0.32382378344663160
0.74687056815843655
0.41945086215339539
0.30780876833434728
0.05239808841884965
0.75109901352766817
0.20381433152108136
0.72202730471899024
0.91806223018397681
0.98139207647539672
0.58408762725041230
0.58248803165986196
0.72899862288146811
0.74299201366859913
0.21928504490089146
0.96263244363407363
0.89519560620175387
0.61010049786404241
0.47938844807339637
0.42512428440767858
0.18225730403254914
0.15763345186326672
0.77118520567189341
0.67709859965482944
0.51668512059321148
