0.30869586666388049
0.18020923943363110
0.24502287505480236
0.49402825432379116
0.27512256170379390
0.55275944813222389
0.09238769825849336
0.12967481109971890
0.56380603013180075
0.40233202386385469
0.78941111605561709
0.61556572282872934
0.63209540284483745
0.53881399239091599
0.20866869993612458
0.01286360491579785
0.98213453388758365
0.10490988475639373
0.65319201674521488
0.02335015890060588
0.19615674673799377
0.30859710009563834
0.18444006931180257
0.76524750127846020
0.41728450014998775
