0.51321863613858376
0.75548671373569631
0.92624998292648697
0.20428211287369424
0.86893344109275761
0.72748903600083192
0.04540588668774470
0.31373909645468412
0.07221497406682875
0.88645331426807250
0.65813914019460373
0.29360052953324339
0.70780074011637817
0.10656828608433896
0.48494337973025625
0.16647677123419480
0.38699996153051508
0.07267338021740653
0.60054094904268818
0.26562001437667249
0.63536354484597823
0.29754969393886599
0.57753452875866329
0.92998263400844561
0.11606233281423449
