0.77866917092394183
0.96065760006426226
0.96481971977522185
0.41794259407071477
0.12379885857211115
0.04763092471281427
0.59378553679144785
0.18381538098408112
0.77914092073833296
0.95671247851894592
0.44352605617574337
0.04073911333316749
0.82528387713531604
0.18491046415927881
0.03071527956860776
0.76310438644978718
0.37775827966433495
0.25933397612702025
0.88002646712796262
0.80490490633008338
0.96471501651059766
0.14397524991184663
0.87339224636719359
0.34955016448845899
0.74414416202419764
