13951907080422711577
1604453770549051969
968517280594085482
5774042875890351150
2163493617661660390
5209395655707170650
18435536018602249533
12350158433858984639
3819310873184633800
12194740486330202470
1526059837291398126
5941903833647203108
15127263051230956768
2634892367473977593
6234128723013240943
284678636082798447
2366097259828822942
6147250364619127359
10606148419045658613
11093027618268999103
11935746177903308452
6385019213935955661
3072207745263942593
289703407252697027
7057176445694403111
