11028400503269456595
1235579983190933702
7867211152867045111
2913008329886039276
2106928434440639209
11864263051617128965
17582734112667257081
9737727274842678670
11829540985556082216
7747137544397390087
1610229150440160987
13147949144020456093
11254272875210566290
11986913622818738681
10521015749466616697
1984860270639103774
5926861742432895784
8783796648044630003
17092191543613894067
16162812361382673373
17822349482621759245
10578816416597319522
12208802148855967341
9731602287980917220
18204209597368700523
