5973494458220357061
13777330227004725979
7737502705640508060
5678069573107456923
966574127014123959
13855331276560602357
3759710812123581317
13319052904381513850
16935259003942847831
18103488470708034853
10774514976508616595
10745007646028299417
13447651026381146438
13705783524954757374
4045095102478652446
17757434324767391516
16513444243513033116
11254367743340771713
8843156013502743784
7842158873987358249
3362053843052705929
2907823943977095419
14225856122460482366
12490264580499761356
9531158186276729529
