0.50373526418457948
0.16501259278703151
0.93621115171982860
0.76822575645010860
0.04933222445591225
0.47466872557512563
0.80233538946337768
0.83725904780774296
0.73036180033156750
0.06997674749071627
0.88111723009908938
0.94259083260967447
0.47520271839327821
0.45655811209431585
0.36295616700791122
0.44688979310164695
0.37401913625686473
0.26739170608962382
0.09080204814063707
0.94602626178875859
0.46694868707499143
0.40296087980171524
0.50268580515979788
0.70426528154052437
0.13566298307097219
