2135237286405269267
3494190079135097133
12348154412312713667
13217554083064175780
16897963771704843633
16367714844886906912
16323059172328574873
3354292904161126421
4950866861098911114
7667014175177698297
8136076462069609036
17053842397006486448
7813408393503871223
1340509147050890144
12150007973072403672
14776076626312030621
17987378757280160416
12522889800369471463
8608969822280677878
9076530269809144267
3315279808063348303
9664437862869895344
8040991311068399039
16881888276664895689
11928835333719374731
