16310249009956075186
17705212433260914191
1440922649871955782
14281792182168103244
7283473794675353316
15412382907043628187
6760538320916237803
4121165680626517651
8014532270534483095
13026314493751256932
13648545594322606556
14585153590369271338
9819195724367518471
13557547483166171236
13678816682029686288
13057303274082057259
10712585975045931766
16012004965854895414
13026638562235837201
10120172546660473618
4526330471361680838
9642405016890503060
2155987832205937317
14506809169949209348
17867526398650710450
