0.23800806037080299
0.19283207071150632
0.39625233750977329
0.07581843587316504
0.93428988161640625
0.53498747880046604
0.13162995081174506
0.30579887968082342
0.46609059818083270
0.75188523649716299
0.46690282941236233
0.83425597897772130
0.71211445891264025
0.85985269239275786
0.80170809820119859
0.96671457913624848
0.18521487473721243
0.03663962416088134
0.54992939778821481
0.87157607052789254
0.68667185021262345
0.96083556188607477
0.81016327707859492
0.29338165589017218
0.25887969332717908
