0.69178851513396511
0.91523771717178315
0.18011159502530769
0.71636137404423705
0.08335662009735155
0.93538359047952158
0.03483938519558249
0.50475107431876431
0.31504720026033545
0.40920715842252403
0.04436566208630639
0.50078182507173952
0.08342492465064057
0.76018360429253240
0.77897138544809585
0.18191143248575520
0.92555226478760821
0.07182369086166557
0.03636160771235737
0.18231008727138881
0.92056206919217931
0.74821190211021238
0.98372577105811887
0.21265422066966860
0.11004671748521272
