0.69440594909776532
0.56865597151988234
0.28733084947931886
0.22475486895251595
0.88027711765255223
0.20384436485971158
0.37734222513752325
0.98666139639660810
0.18478993398267340
0.73172165701506986
0.25657579559367882
0.94344881348490450
0.23869670958700728
0.13921348692227553
0.66782075047574907
0.82257650338078381
0.95398054878726379
0.08999783291547014
0.35615347756923199
0.49817313389881612
0.46012161974005050
0.58376840551104670
0.20166167613147457
0.75973005364712931
0.67061539548468418
