9193802164501845593
1124518145767723031
15422170628362319265
3042687043993731420
13981416466905777257
2096094128434279033
9807992597060383472
8183363789353044475
12063578254437419277
6455718901507213534
12849312489580511081
5985716714775584979
6807159788005608122
16618664912113793193
9717647790327810074
4923612442190964927
5662279226656558257
2278652924040806031
12527770665286177724
2950729420637482990
12053053263890300383
11867969932056515493
15989296783985165348
2935335080499317740
3351579323339074121
