0.11575144523463231
0.18942042374377846
0.66939479200079555
0.71652504259014149
0.91604045159318703
0.88729559967248128
0.88487481081240404
0.18183658269221026
0.26838703032449646
0.41562967126024092
0.44105758878420237
0.92449064880299170
0.42356571773766860
0.07266914647346329
0.65865325200606506
0.80101271895298931
0.97509775629813811
0.67886721636785730
0.46669318920894287
0.49203969185787577
0.17972167851498042
0.52391022633873530
0.43590301241987112
0.91516899726088241
0.64666345920201962
