0.30869586666388060
0.18020923943363115
0.24502287505480241
0.49402825432379105
0.27512256170379384
0.55275944813222389
0.09238769825849326
0.12967481109971898
0.56380603013180075
0.40233202386385458
0.78941111605561698
0.61556572282872934
0.63209540284483745
0.53881399239091610
0.20866869993612450
0.01286360491579793
0.98213453388758354
0.10490988475639380
0.65319201674521477
0.02335015890060596
0.19615674673799380
0.30859710009563840
0.18444006931180251
0.76524750127846020
0.41728450014998764
