0.04649682906453480
0.56924447755604779
0.86027919384328588
0.49327331464969632
0.70500261085221538
0.22797621244604369
0.70263643842073431
0.78397637781024732
0.23763477978211095
0.60545983305614448
0.84614057488154559
0.21580510184746030
0.16912346100006223
0.98223587138129742
0.14835583740759814
0.43753991464127406
0.28792511840218066
0.82268382591101774
0.24325975288889520
0.60564776800493347
0.70362103832862077
0.27537146776408666
0.53247849207687747
0.97636235016974871
0.39399102861263091
