0.57165592494098050
0.41878213309135587
0.13922594212976377
0.33743046479844530
0.90088516022230436
0.90380308660251429
0.33094988795730373
0.80953466417678877
0.90483431434538597
0.39320563012348125
0.59932495556905840
0.14640132076448314
0.70858690719941209
0.32926605607855108
0.79196841964271336
0.19159796114833130
0.54133136024955120
0.57801858075011148
0.40938886502393568
0.88199181998521259
0.23912050970401433
0.77985282240416787
0.86898229617900791
0.92725215815466688
0.29300439286173496
