10545190545605985213
7725166831778413741
2568265322888849014
6224493426809780073
16618397990423672123
16672224231585330523
6104947884371233135
14933278768865630426
16691247025839794237
7253363627229557495
11055594072369767928
2700627696195480549
13071121331088935228
6073886668640729194
14609238751609342125
3534358554347813243
9985801061596537865
10662560828946123956
7551891619722964727
16269877378372522198
4410994845284933456
14385745430049752064
16029894022198632488
17104783253273994064
5404977047593074498
