0.92039277028654565
0.74933061967884262
0.33072657960690532
0.07108420311026376
0.80042105544400755
0.71828894857586134
0.19805241448491040
0.49595554997835511
0.86303902806002941
0.61151655590431686
0.05949834631786233
0.46345360001142544
0.34291900987494783
0.18513258072707994
0.87393596637680038
0.47674438224666005
0.51368505973368739
0.32311775285451183
0.61506359076655592
0.86801438144199905
0.09817495885302463
0.11778560705627650
0.87040399536711088
0.16154569813666531
0.87386579284881483
