0.98007931361558465
0.19133080535973901
0.22864166862149060
0.89876402999496030
0.86208156511926537
0.29715059956640710
0.75744937478625796
0.48793911532390644
0.56131451537452060
0.71672165107419528
0.66804520794437117
0.00939442164804183
0.45633805041057041
0.64640711755931768
0.91161505858541159
0.70690279291659197
0.37701000215152758
0.11074598731259855
0.40769332647346646
0.16041025220276095
0.51518883685187522
0.00289680120975377
0.28642076116489379
0.18319159835392373
0.08601747949733374
