15168466703850184595
1861512081636277654
9903543074118586185
8270232056610019106
6530008929825227976
15752751050773998981
14514025166533645770
16206644852131865018
17366713196179979716
13489169229213287361
14386234393138125343
8663408783210451592
16148458670134023058
15795637121442497162
13241531456414668587
16382635669469302700
17580770338331055360
3398144088476607370
4561360859434009545
985302403628563548
875398496511972147
16743254016735254391
14340730021838529713
12820338024640950910
17167840612370163561
