0.98007931361558465
0.19133080535973901
0.22864166862149063
0.89876402999496030
0.86208156511926548
0.29715059956640710
0.75744937478625796
0.48793911532390649
0.56131451537452060
0.71672165107419539
0.66804520794437117
0.00939442164804184
0.45633805041057041
0.64640711755931757
0.91161505858541148
0.70690279291659197
0.37701000215152769
0.11074598731259858
0.40769332647346657
0.16041025220276089
0.51518883685187511
0.00289680120975384
0.28642076116489373
0.18319159835392371
0.08601747949733372
