18079272270203610119
3529430399887841416
4217694345646545351
16579270043972846793
15902598002418065025
5481461061550859982
13972474765473408315
9000887983932353656
10354425209972086323
13221180869452238513
12323258980617892866
173296491861944530
8417951227019360181
11924106665041014941
16816329679464825576
13040054905922873405
6954607022917918697
2042902885145790920
7520614454015352352
2959046869183533864
9503556623038644271
53436550548741333
5283530478605882835
3379288531288622607
1586742430152873795
