0.98660529995876300
0.23043221701407213
0.15248172039142205
0.22465618068572712
0.96561921490966640
0.78630530918304531
0.57886029840922293
0.52432990579790706
0.22939392482203702
0.29591337749777613
0.07739852077430809
0.13765645369124624
0.57752957002729233
0.04468511924389873
0.30339422627173185
0.64402634719179164
0.59669628111659179
0.25150223822033257
0.70888813081368818
0.12102037834178703
0.67315556785343389
0.71620680231003531
0.63102981966066418
0.94210966333919577
0.22661522500535558
