0.81714668510208888
0.48808811821738718
0.02358320191378149
0.14926960308736692
0.96889668238571913
0.04527008359132900
0.54859263995393770
0.22500756644355235
0.31499432998629329
0.69784838553856920
0.85400530035003552
0.88865914447444194
0.06285394208559103
0.76501627812217465
0.09637719368951381
0.07888795019091355
0.21852122891725323
0.10254243401897234
0.79780576893449762
0.67725742280564394
0.94292596749953239
0.88805488855230730
0.83630617143077191
0.73847956471332965
0.26287196853114214
