0.59785078923424873
0.06698092510276067
0.42648237116703203
0.15791449798654073
0.11421681929460119
0.64316298877513955
0.95316192615944140
0.52788325332278918
0.64128070180231100
0.41997316780898331
0.08729069715533554
0.71275175128379531
0.61009535505239898
0.64981188956280822
0.57034540661629562
0.10759949087535413
0.32129581885834840
0.47617057042404398
0.92656956020622760
0.87618781378433297
0.96615150139272088
0.57347878706000666
0.66184049066176676
0.52755121711969077
0.98685217969243078
