9292275499315407131
3043945068081620760
17270047514728542868
14171263920067078905
910018919125008760
8756092500478213686
14800475590711008178
15444703378307184535
13472797211930182353
1290843152071840082
16253744042573753308
17387731855375463632
8765942929331873385
8422010648579841975
6695359522769520896
8243661642499093319
6899435285200284843
4932506369667854357
1675002143418986133
17451104338225383256
8613682926027054551
7433316221419077836
9272916397269415491
12991401408577056874
2502540328986215272
