0.02770864113236644
0.36361567538034756
0.98069220846501814
0.47368530420664301
0.30427216639110799
0.94543456868446363
0.21078782262454726
0.41275115819495284
0.36452748390226813
0.95973845128607882
0.64618267978932475
0.85159464980368038
0.11970412517319660
0.62135348065170215
0.70699584827480078
0.86314598840251278
0.42746263606044993
0.81533662996942391
0.43398036740961837
0.08966618284395986
0.22100857114696271
0.61432053601349279
0.38973959329108415
0.86687699724037393
0.89666224562872077
