0.75633439834550986
0.08697761318409214
0.05250342698549304
0.31301149150323837
0.11728322402136471
0.28240190436271317
0.99939241011516622
0.66950343022650427
0.20704525730521450
0.66107820640880710
0.08272786954671052
0.32211125225701231
0.82005057319521513
0.14283780145403802
0.33795279525226196
0.01543245978505892
0.12826638947092051
0.33324311000661833
0.57496045788164996
0.60135423215844741
0.64703809681591606
0.34613258515555245
0.16654471558709794
0.01570485317599124
0.38257030170177020
