0.04649682906453478
0.56924447755604779
0.86027919384328599
0.49327331464969626
0.70500261085221549
0.22797621244604371
0.70263643842073431
0.78397637781024720
0.23763477978211089
0.60545983305614437
0.84614057488154548
0.21580510184746038
0.16912346100006215
0.98223587138129742
0.14835583740759806
0.43753991464127406
0.28792511840218060
0.82268382591101774
0.24325975288889523
0.60564776800493358
0.70362103832862088
0.27537146776408672
0.53247849207687736
0.97636235016974882
0.39399102861263080
