0.77866917092394194
0.96065760006426215
0.96481971977522174
0.41794259407071477
0.12379885857211105
0.04763092471281424
0.59378553679144785
0.18381538098408112
0.77914092073833296
0.95671247851894592
0.44352605617574331
0.04073911333316756
0.82528387713531604
0.18491046415927873
0.03071527956860779
0.76310438644978718
0.37775827966433501
0.25933397612702025
0.88002646712796262
0.80490490633008327
0.96471501651059755
0.14397524991184671
0.87339224636719359
0.34955016448845888
0.74414416202419764
