0.49839701400774172
0.06096025083203682
0.83603754498562821
0.16494439516457507
0.75793410539219253
0.11362949038912776
0.53169234407273058
0.44362103993278901
0.65396788757049695
0.34996522289849274
0.69656262580741579
0.32448635330212428
0.36901687153058232
0.90089963007611995
0.52679474228611867
0.26690956531500520
0.30695277193802911
0.12352602252927446
0.67913180858517230
0.15995936241360265
0.65339732668966821
0.64336393916641588
0.86678151548561033
0.15912483356251367
0.18168947918108605
