0.88418037051869625
0.95980148922294239
0.07811257336873721
0.77421750554465751
0.39483790557141296
0.83550695154975785
0.36648951673544444
0.22340883920539864
0.43446866495843345
0.70615792368022634
0.73988913923160149
0.79066276043565598
0.53229966682098195
0.73495612174120728
0.74153013818437730
0.70783782882809287
0.58073044935412721
0.86801252849142818
0.70617549146797709
0.54861565305087223
0.24537286652188359
0.52271582336489053
0.11687633457649953
0.78641570089457846
0.96860054691796005
