12809528826267859506
10489851172613935473
5300318644826558122
4145995546887190011
16238246703279345564
3760264829434972539
6960735455315981454
18200690266737120485
3408772619576060273
13497882140147673245
4732988036825006729
17403558809000969671
4403177112988096957
2568035564863928464
12319118471138788955
15173858238912199377
17597835034775645370
1660166990980150981
6569872051681276786
9189672305429300461
8487745762125415594
10768626374779774545
3720001329072615096
14014545864734222081
12370670572395483378
