4390473777140215517
3557123857618620414
7309565458651967679
1398603282621234999
17234606336834241318
9868777104071310583
2428144015059237829
5640993671499249509
8597853979804015170
13869834530463746173
8612837001460716594
15389306536164041672
13136193174749629644
15861482557659308998
14788904109337915913
17832736433650215660
3416611392921530217
675881769852683190
10144406859608414391
16077740713797459260
12666859883492885364
17724287707031336783
14944874630186679450
5411936322127128253
4775487448686887059
