8148277168380646687
13015608571931635958
15436263702644489822
9070949204964256715
5209090779019760766
6220378421764621522
3967854738912761332
10043422545853383818
13468535761521095757
14935518456404631820
17875970713947386174
1766402217543618074
12286256003893672762
9800154035556035675
10426689662585739052
4446364384034476472
12868772181933298585
11081808447637037997
10940600255922513990
4042779453898306316
2917708988206631325
13267937307753990404
12914744884543077740
1430104729600057278
18233424834550243438
