5842063496203245392
7729743814712218208
2228792350377237707
13589085355254377733
11567463385642659158
12018350627082826312
571465948447516653
8245496667496089324
4227569031105901857
18050082248456845133
4330352079297411378
2665181967018408386
11665400142601890239
2726050871203980405
3393565804941614138
11417980703127727270
7048470731506200275
12524994901003828276
17161587773424477210
3766150827876176830
1650987547630847520
7996833207329345585
3680039205056927163
18014141337997278660
4360376639796664158
