0.82228422767942044
0.10091277215090330
0.53687214581315712
0.44833017813679221
0.35399249340331279
0.85395834559362416
0.78680688085325323
0.87856397786911922
0.94145140881155065
0.73124932916688312
0.77987932914630187
0.46964433119433863
0.87540969862258433
0.85628320414303172
0.71782485860399647
0.88810445919385672
0.95305546973936239
0.18421376015725560
0.24727186766443504
0.05341335032846390
0.04745544758544122
0.90765361897105057
0.77741253223527151
0.69499191691571194
0.93067050444083022
