12761245691807800551
16883155935274050466
3322472498139469453
13214534931284961512
1537658237785278094
17254781704323276860
642673222388295579
9311013888888195663
5811595074341129697
7548539724550220323
818402014166772971
9237794163863564397
1538918234398869642
14022912397414439615
14369485788103981875
3355673639146619886
17073425755379265833
1324913243754376173
670753271578479862
3363027521950962942
16981372894352635479
13802073471130510733
18146537537421714359
3922777984887532709
2030003633601537032
