0.98660529995876312
0.23043221701407202
0.15248172039142194
0.22465618068572721
0.96561921490966640
0.78630530918304520
0.57886029840922282
0.52432990579790717
0.22939392482203708
0.29591337749777602
0.07739852077430817
0.13765645369124613
0.57752957002729244
0.04468511924389870
0.30339422627173196
0.64402634719179164
0.59669628111659190
0.25150223822033263
0.70888813081368807
0.12102037834178701
0.67315556785343378
0.71620680231003531
0.63102981966066418
0.94210966333919577
0.22661522500535561
