0.56656157517228101
0.74578175726270124
0.97100275358679633
0.44435921705577208
0.44426470082635811
0.76289439191176101
0.87734868676417310
0.52306717985098150
0.28550868439696669
0.79399660566230568
0.40414216905022582
0.60542036897532914
0.45493790747028967
0.53007899750158893
0.43596539982472515
0.16703498914055107
0.64533464021950604
0.81535058336809974
0.68170497338058855
0.88432456353978994
0.06596019314557654
0.08141465400346089
0.49587995158920450
0.12310888693805221
0.28691135482373908
