9467212834706718198
13936270059370260559
17086296383322747841
3768339855017684910
16028992804925873605
13419804063537020183
837590771168681989
5787464818216433965
1332131144900362119
16352177421594756698
12140524284061105585
5415973828205343662
13056619108109033966
1965837899771663865
8945626416123785472
3070954393174683484
7138889246888853174
1340587245841884907
11078025192773117692
4899824426061529413
11720388705538642252
5488823053300867349
10653631645741509769
17155151642548093427
2140972150021885788
