0.69440594909776532
0.56865597151988223
0.28733084947931897
0.22475486895251592
0.88027711765255234
0.20384436485971161
0.37734222513752319
0.98666139639660810
0.18478993398267343
0.73172165701506986
0.25657579559367877
0.94344881348490450
0.23869670958700731
0.13921348692227553
0.66782075047574907
0.82257650338078381
0.95398054878726390
0.08999783291547013
0.35615347756923194
0.49817313389881607
0.46012161974005045
0.58376840551104670
0.20166167613147465
0.75973005364712931
0.67061539548468407
