0.42646223872896416
0.51134614488248153
0.44394837218286309
0.16877766356315271
0.49603253288186167
0.04835445021240614
0.01006346276685133
0.59269253554996049
0.55226339066826846
0.85128054665265573
0.64079116216261556
0.71626252403699697
0.89131933583384526
0.80214443463948382
0.11459463780015000
0.59780133753290488
0.06609200528511050
0.99332899484509063
0.60591688924639897
0.14586114270407957
0.65884076440814632
0.82673641084484972
0.33839406314919518
0.34434156071928201
0.16200948641365820
