7237497799884296083
10982115969682484794
6863153631447200312
11755244617829585933
5320740025964254020
2487107001721870048
8995490581859931012
13934782086037366704
10432105471701558817
14903553177614766893
15423041864508904835
2708426029699667103
10433209050963219770
15934819055431731128
15221040163513145754
12205810472539750729
12537658166516226643
15739110524567352441
10571188278050383356
745949923933009834
9612963145727042221
1374067953026432345
10848574265681643232
517235514514909655
5809032464675281124
