11662389656894613012
15019956201903593047
8748215400940201796
1052231451652422979
4458620818883837919
7033148526890337169
13039772301062255748
13011213217568304100
11557702142915000374
15877607279470136606
16433208513832741549
1389411431306166405
2033073436158930978
6461078399057039211
11106236891469265449
15548630153929816443
18127413508389915999
15226149215748350642
1231920802396595212
16283935694325690837
17859796539968563804
17908011527114414518
15263431103132364474
5824885000673064006
3848625016635500135
