9041343197333598566
9550955133589655324
13110638944889168614
671057036792040761
6084144562485478567
11609970326064159682
7631146077052852898
4421388920681802447
9092537130088587984
14442013777953691809
16911109635496175558
4536466593063337111
5492422112668833418
7138384611509941303
6215928118608938322
8561081304664485869
13260815195753137521
8052611096853652901
11854534160589250633
15877201746191922828
8499147126113916075
7084282551365336975
3561499675136812226
778072915676555086
10193009228986403145
