5373082926800476651
18086473424399680910
12046776794448342588
15557106753861135789
7976557485475104968
15253765790102904194
18315173174122118524
1901479852346106745
17433849497093768990
9369290701154616360
1921370121832062395
590048966958758286
16818345022217930601
3203873758271274967
7002635761695881019
15869962820182735938
8342264156819753182
5477831615300739224
8191878259378817659
7406929120833523742
9079613129634581365
3890516067745552555
6150767780388504536
7028551492460131487
4434018789364482985
