0.42274922393619663
0.15020893148031061
0.70355044156400848
0.46329971663370501
0.04759388529052380
0.36408536380058182
0.62387445802639885
0.92410267742069052
0.22855829561549826
0.07468280331529394
0.62359336456959980
0.69375467952071956
0.16610318932431797
0.92378906788460435
0.28794388835915896
0.30421042268068094
0.01802458779016288
0.08430154919307088
0.49546676748621260
0.60023174428802351
0.05137846810746872
0.58206249006009403
0.77611885054546692
0.82052713666636368
0.95169215834462384
