5694433648960572952
3324273719550041259
4519874268340452284
9113212772692467881
5075115484653250024
10196612074020063750
1704252225333526891
2392078053163146522
10400385545055505004
7421715876874129507
14562064826819396589
11355183349569599197
11660102126447057806
9939363820968914471
3849258103915381184
237291627747036510
18117184392576274679
1935245794903559493
12049265963889180874
430734405319929414
3618453305407232362
5692611727353171022
3402318755532071899
14116324809129479164
7697540380192637329
