0.02770864113236648
0.36361567538034756
0.98069220846501814
0.47368530420664301
0.30427216639110799
0.94543456868446352
0.21078782262454732
0.41275115819495289
0.36452748390226819
0.95973845128607882
0.64618267978932475
0.85159464980368027
0.11970412517319662
0.62135348065170215
0.70699584827480078
0.86314598840251266
0.42746263606044999
0.81533662996942391
0.43398036740961843
0.08966618284395989
0.22100857114696260
0.61432053601349279
0.38973959329108421
0.86687699724037393
0.89666224562872088
