0.82228422767942033
0.10091277215090322
0.53687214581315701
0.44833017813679221
0.35399249340331285
0.85395834559362405
0.78680688085325323
0.87856397786911933
0.94145140881155054
0.73124932916688323
0.77987932914630187
0.46964433119433868
0.87540969862258444
0.85628320414303183
0.71782485860399647
0.88810445919385661
0.95305546973936239
0.18421376015725566
0.24727186766443510
0.05341335032846384
0.04745544758544129
0.90765361897105057
0.77741253223527151
0.69499191691571205
0.93067050444083022
