0.12137388561950180
0.71538465289782394
0.67282075006470576
0.04053937946248831
0.88544663445711269
0.97093167287588311
0.81671938729551907
0.41607775626633303
0.32178613810179246
0.67185701740018644
0.26670821472070461
0.72634841042021525
0.01377220385772004
0.70810221175063381
0.84874351675436988
0.91425779398703744
0.19352821102531170
0.66954888780048971
0.35492191292010211
0.03316486541129937
0.05105526868218491
0.50073059039752243
0.12045612199948452
0.16406074225939082
0.36769531770849151
