0.63221941011888083
0.81423345723705010
0.47424170715352576
0.05704158129195658
0.24170231890614768
0.38126774561338650
0.70688747287640019
0.70533928185798322
0.62654428861444067
0.86072681531365902
0.89084601858023726
0.07532014461491710
0.11021313181530423
0.35025576184284024
0.60207030829348163
0.84289292960321649
0.98268905536697126
0.82541120291514114
0.06678256051442377
0.88275392282010834
0.96818151043915057
0.97079525012964518
0.82743225807994636
0.31576764861039830
0.20863438020591352
