10626428092199686822
15557771845895975471
14144865572014634702
5917479934201513090
1867186094174809034
18181186367081286844
17607792031305486263
17280355016003992042
10225517841936488087
3248072936293669799
16355322340089888976
4146375948808967211
11299367350736446508
13078828503889549491
17436080049600189375
16587752684410805532
12202273652486027757
14221806934019421374
7468112480398266225
11968929762717377896
14147208411435046520
13221690610807744259
6707913057118515360
6642972847252976865
2709231360751704682
