0.49970471751011081
0.42753522665009508
0.04638682479959334
0.32706848478301420
0.66593486892943665
0.91039679739476254
0.25994155018755299
0.95818655555726173
0.79313056277332916
0.08159907798761908
0.63675507066220849
0.19822392848292006
0.10181494053289812
0.63614847494209392
0.73278523783532468
0.72376372102265996
0.51710698791795817
0.44374409741531595
0.41224298357503530
0.32715710681315602
0.21197458984545672
0.10383694348562351
0.52211102337168491
0.14394813142570162
0.55597850381867486
