0.97608833320561417
0.58220604498254669
0.06453413234769101
0.45197280907474868
0.22891182099610485
0.75118392201139217
0.41282914911845914
0.25999910998181586
0.64483680889000727
0.14267357395102309
0.77729623156643435
0.87248322655501032
0.21183099389973126
0.85171265119564377
0.20185931073080920
0.45523328407086872
0.76348941380115420
0.92512873853859456
0.00522472627447190
0.13890500133115780
0.40174949361052070
0.84564479545975868
0.10504044306128513
0.49919890466381911
0.03255974511183102
