0.91694254463469760
0.50479024044946319
0.24636638150077228
0.36102027811423254
0.89727083313838196
0.29158754421694744
0.70518398122570625
0.85793727317547919
0.62268677581097009
0.18712729164123398
0.18540270576185558
0.51968057538165302
0.64464163223759197
0.30361072586071602
0.08376556795868562
0.09802176349603731
0.61746621016888625
0.28312947052707449
0.76962541668117879
0.47894216124288380
0.57498332012580267
0.92218594181649449
0.34349984074094586
0.95236006625318759
0.61673325256201406
