0.89808272402236955
0.46036338469083465
0.86686848631751934
0.03568629385241094
0.25889787660342223
0.59682774430433616
0.30152924449536589
0.67523011251363130
0.94773052712210148
0.00946865401615061
0.66395729660504155
0.09804536077345584
0.17988942233155339
0.25192920528095886
0.25458236792268663
0.71975810359956627
0.21689091684410799
0.33744580841545740
0.19379500854869305
0.67576784269105661
0.23456209031855396
0.45606926251763819
0.54187411536535313
0.18493571089032590
0.50747840120676568
