6363704151096478472
12178529574836471603
17537350571441632719
12779165347878713354
5830328050356736815
10004776764737017465
11222952244478841251
9340028072115633251
9264701748959282397
17437832942051127586
6958515934028518936
14091431222132205082
12826374500120430719
18161860874726314082
12265125882202619948
7999057139940744642
17929987077069877394
9425166413797643828
15007726558660851187
2409606170676221990
12523885350831553035
13544807982302474198
17756932332787780554
9257562327993513731
9735809110398160563
