0.97499048723711434
0.40035702972149745
0.21864635578815006
0.76233415346567723
0.05666389338541589
0.51638502722539592
0.97476795499891444
0.52568997929360306
0.91704503100776302
0.65924160254021114
0.59253199643940502
0.91702291477048081
0.38195572014775114
0.18300452794446198
0.11038957206973155
0.83847306572871771
0.70445807779826330
0.49120555633663188
0.87788881669881624
0.69299466775533236
0.27150665645427974
0.63943362849331542
0.28336168189239286
0.50505168354069185
0.52603323774822541
