0.14611520328862607
0.43563116716117067
0.87634624344602952
0.11221161805247214
0.76108996354162362
0.44004637978476263
0.94056611225088793
0.74264908222834147
0.16630608369530289
0.82685851221708928
0.04921055489904753
0.80905015428543381
0.92716647514652539
0.08520029296052041
0.87151833196849282
0.55115728168379319
0.96677169786010586
0.69877665042890724
0.04766224293318324
0.85863369260185629
0.29976513820618939
0.67925884669701875
0.56977899327546655
0.03230160898874492
0.00797077922339016
