0.49970471751011070
0.42753522665009502
0.04638682479959344
0.32706848478301420
0.66593486892943676
0.91039679739476254
0.25994155018755294
0.95818655555726162
0.79313056277332905
0.08159907798761912
0.63675507066220838
0.19822392848292003
0.10181494053289819
0.63614847494209392
0.73278523783532468
0.72376372102265984
0.51710698791795828
0.44374409741531606
0.41224298357503530
0.32715710681315591
0.21197458984545670
0.10383694348562356
0.52211102337168491
0.14394813142570173
0.55597850381867497
