0.25731253034641755
0.34128805565439568
0.43906539785157050
0.96602977381648214
0.23091076334141192
0.82135501756520324
0.37318547148110748
0.57902434741679409
0.71809740273956424
0.47288894595244446
0.45793346540277236
0.67190902106453410
0.28496860881993336
0.12595738070352847
0.46529962741428610
0.41594717387977209
0.17651919979414565
0.47707821651916660
0.22450345053696530
0.42559334749305211
0.73782340811487035
0.82206939047466221
0.02612946998008925
0.29423411004048450
0.69202389573270684
