0.48519185563703865
0.83786708889583572
0.32494810006091374
0.85842884515364248
0.27608496870788013
0.89639113984557828
0.81350444033030755
0.49936880388519128
0.98643780181724616
0.97208576998540464
0.47301816978585343
0.66494293236203783
0.25779030185252877
0.13729526421441596
0.83016060099202871
0.29944509623341486
0.31778995656896752
0.98904512806507860
0.18846771577270838
0.80161926102149128
0.34246206368013965
0.90682360923918870
0.84285313558826169
0.27838848236102898
0.38663468447893268
