0.37684453691825326
0.41207891966264121
0.39381590047489523
0.94745469930617709
0.88529181951098368
0.24580210193729857
0.67245901399413233
0.34645655421299437
0.34507415921024875
0.88996766585427511
0.26390357181056323
0.30235563293504686
0.19773998089584521
0.92517048489481979
0.53948368649087330
0.06015671796073663
0.85454917221540139
0.19286621074896415
0.88935190174604661
0.96698319398222010
0.91387925156386418
0.38119417337720207
0.40364132035404288
0.25210681092918519
0.79904489732652773
