0.99850212166023000
0.46086720535533543
0.50480298967524728
0.35689244154780558
0.65856596228881681
0.43459837831251191
0.40029815675744057
0.39104982437390440
0.42408315062436019
0.25251772555798174
0.28754110418116169
0.63288664592402144
0.57667475556046599
0.14082588536718449
0.58561960914201949
0.46811281188040843
0.56916218256969331
0.55670573623451647
0.76821092311379580
0.31843137338911048
0.15428843086384172
0.07819827577270856
0.01822944492719633
0.66481494836223609
0.83794851312139662
