6951554728106608024
7601514369187460485
7264621128217865443
17477454359534486790
16330751625067784587
4534248467217212406
12404679331208827161
6390995388226384240
6365494701401962156
16417005765890469957
4868161649327289080
5577476979997275418
3647658820725871524
17066383159404509042
9951717496638498418
1109695580536034364
15763649878257857673
3557753630152270941
16405646922976206438
17837691502968252044
16858096667871831702
7031791358678511626
7445868134145240148
4650549820449761573
14739776724385983801
