7029481352516203989
10272641793384016329
15555738027019860966
13831614403938052332
8824138163761532569
14600102642086785572
17463869738717630762
8021947168235789975
15370850174968316738
18053811360147174413
9863436577319163291
10564455737551981682
3946345213272797614
6335488890807524113
13336587155284989538
16292293895434464537
4394794781360817910
10077031336823314216
2839432001674970490
10002268183709036322
5371058867994873039
3909906210166448022
13298809204961746260
3857349306096632413
7665402511073909795
