0.51487592923159642
0.97131460038698203
0.10632129106166713
0.68924513428892009
0.16097347031215906
0.82841352240264099
0.75864525840921415
0.03072576508661273
0.63882015701199868
0.69720456153091004
0.63328355754559529
0.68342465703879296
0.48012823167818991
0.81571853701162655
0.88989898837266612
0.48090196783886230
0.01188099220397422
0.27021194996345710
0.96826866347546003
0.21912581918997132
0.15522815974653642
0.97679731621039600
0.35449218814819289
0.38098168540370508
0.54075341555992362
