0.37684453691825320
0.41207891966264115
0.39381590047489529
0.94745469930617709
0.88529181951098368
0.24580210193729851
0.67245901399413222
0.34645655421299426
0.34507415921024875
0.88996766585427500
0.26390357181056318
0.30235563293504680
0.19773998089584516
0.92517048489481979
0.53948368649087330
0.06015671796073657
0.85454917221540139
0.19286621074896410
0.88935190174604672
0.96698319398222010
0.91387925156386418
0.38119417337720196
0.40364132035404293
0.25210681092918519
0.79904489732652784
