14160332436075788344
7485123258086602193
12727034041448925290
12137886273857737422
12903496609993222328
1554878346618706712
9307568653094024658
3440281886501454898
3815211579318813460
17894170834563811017
3624809436566662630
12051710284995201599
5276601610734052086
18184013887764258463
3215809057567613986
9897427555845020419
12665055932278779521
11718219471439038615
7516002485136181166
16758690033392950987
5732598934774235128
1450009517603359452
5314518264615594894
16826323411939036995
4706578105858179589
