0.57605982116619481
0.84338850171771174
0.76679469913468423
0.32078723001503306
0.10122036098695253
0.98560408787766829
0.95452031865071796
0.93676992248361557
0.55432643295084139
0.17607838669604836
0.88662380064130819
0.22477549058201640
0.61253993146901176
0.70900471387411945
0.94521179347038442
0.89922387485452260
0.66148658016439910
0.77096569872666343
0.40484718878069537
0.64883698255322975
0.76692170471415400
0.71674928420844763
0.36363669546858890
0.36011627963769477
0.14686772635464285
