0.76763315951551625
0.40576934488696359
0.68993389785179471
0.65799613337492724
0.69949995286069966
0.08429012406773351
0.50456430771212613
0.18649805476537040
0.20682303413946557
0.97004494468304181
0.19650131329857656
0.65332452365788474
0.28604514648491863
0.98575736808102954
0.17432935832566854
0.53654062290325333
0.68657405782135383
0.63524595042980725
0.40744331113955490
0.90849040711079032
0.31076481095351560
0.07860517345551099
0.28810061241050600
0.91215681990840036
0.25514411036720752
