18005651675977696243
10739805909959670271
1190444623436757271
8337426737277477325
4222677777361958619
13856897561629546614
7615353659955491838
4796137041226818398
11895139582901521959
2631862904755998058
14338584653164888434
16094474788864625939
3907592131347872580
15711325300946691208
3723647043946650936
8397571885089635063
14083893819376422762
17065613075055211015
96379188440367851
2562345010114152127
7410970090375686437
15599393119110630156
1937654170540585290
9208594436209603102
600621285183160450
