5823158646814126642
17160442673222337158
14461962488314000450
6148527641015470293
390053213937991511
3098407339910263268
10695242486363421029
5157847592435244117
11987109733028784079
12003757198521114857
11117954563219479652
10636851112634912992
9803947029798435480
13584408655401030265
7011229621356356477
967265166110361341
277588676647398452
627210914940559858
14623613502755896823
4484352422521600830
15580910424775724336
11834585052486510060
2152249733788235751
4812768986676615980
12134307625302475972
