0.73646781095895786
0.62530546827366107
0.71871961097548243
0.86019553566397045
0.04957829237268230
0.48322966952978386
0.12709619343564527
0.38871476071177369
0.62289703545229058
0.65696211468676802
0.63157166000473930
0.15456005765953063
0.00597524931261006
0.90147276064331094
0.37530204651787147
0.65497711821725024
0.92988788585887672
0.78031828534901504
0.81102907839372140
0.00331714074687051
0.47687527089610982
0.59774078623370908
0.61000755527889450
0.62887309879398823
0.74743639150310293
