0.97499048723711434
0.40035702972149750
0.21864635578815014
0.76233415346567734
0.05666389338541596
0.51638502722539581
0.97476795499891444
0.52568997929360306
0.91704503100776302
0.65924160254021114
0.59253199643940513
0.91702291477048070
0.38195572014775109
0.18300452794446209
0.11038957206973164
0.83847306572871771
0.70445807779826330
0.49120555633663193
0.87788881669881624
0.69299466775533247
0.27150665645427979
0.63943362849331542
0.28336168189239286
0.50505168354069185
0.52603323774822530
