8477496330952022984
16576584536280846300
15762486098682638678
16190129566330364412
7745555423730633001
4644584946635416844
12177902449964918213
11465024860853379188
2847115314293953725
15786348726643140161
11442847991850402704
7580417590244801344
3538359810845327162
3514944922114354121
2416419926979759674
4131951883175591574
17249797677249781965
3330154928495772692
10524046666868570488
7402442513372183956
9495525857542185558
3873988889198024040
4137991439625023757
6638256278540613067
15729441338841130824
