17985399992364426964
7385283665382993296
4033313367873248701
14062583027629370513
1045264339500731769
9525622440722416631
17981294997118203538
9697268510142769367
16916494991067244382
12160861124801426627
10930286093801884836
16916087018498224917
7045839417054991845
3375837691321519975
2036328184376655543
15467098056196301953
12994957871801935234
9061143185325967889
16194190326814779083
12783495280527998915
5008413805920680837
11795468496939660558
5227100426164868783
9316559150271290008
9703600511006322926
