4746578394258985444
6295653418070577182
8099327025789384282
17820104005176170243
4259551755223940023
15151325802682517644
6884056884438624576
10681113949244286605
13246559008332275984
8723261361271013188
8447381439071870800
12394533752394181316
5256742995942361401
2323503566032792234
8583263144503745190
7672871064742922508
3256204502698607973
8800539763270859601
4141357695720110335
7850811560677669309
13610439581087167569
15164503656916497271
482003645504381739
5427661325672513071
12765587697472705774
