13585433227285003273
11534849941135333164
13258036724420813229
15867806899740761845
914558071010416273
8914014042639164680
2344510953050031971
7170521708523339671
11490422197260788222
12118811995749831892
11650440776315330279
2851129827663154974
110223894846328413
16629237305007585010
6923100802454613293
12082195273889422466
17153403847681537781
14394331705869142901
14960845845465500017
61190446413993355
8796796077301450632
11026371306071162789
11252653255259000698
11600661108293361672
13787767825434716003
