0.28763874740874595
0.60090197538612611
0.71136994943998000
0.37380639186629272
0.63724330311379107
0.06977725249540667
0.36614295344626513
0.16688972754578091
0.80538912903722248
0.15353405161769873
0.78517341485238890
0.10499945094575713
0.04097234991954568
0.43348626027306858
0.12336354902243862
0.47598232432505794
0.98296699785673358
0.27074855717761237
0.75766747899148201
0.02405776123648329
0.33695786619040125
0.32166959187834510
0.34936916972197640
0.17841905595843344
0.03158844177370812
