0.57605982116619470
0.84338850171771163
0.76679469913468423
0.32078723001503301
0.10122036098695258
0.98560408787766840
0.95452031865071807
0.93676992248361557
0.55432643295084139
0.17607838669604842
0.88662380064130808
0.22477549058201635
0.61253993146901176
0.70900471387411945
0.94521179347038431
0.89922387485452271
0.66148658016439910
0.77096569872666343
0.40484718878069548
0.64883698255322975
0.76692170471415400
0.71674928420844763
0.36363669546858879
0.36011627963769471
0.14686772635464287
