0.48519185563703859
0.83786708889583561
0.32494810006091368
0.85842884515364248
0.27608496870788002
0.89639113984557828
0.81350444033030744
0.49936880388519123
0.98643780181724627
0.97208576998540475
0.47301816978585343
0.66494293236203783
0.25779030185252882
0.13729526421441596
0.83016060099202871
0.29944509623341486
0.31778995656896758
0.98904512806507860
0.18846771577270827
0.80161926102149128
0.34246206368013976
0.90682360923918870
0.84285313558826169
0.27838848236102887
0.38663468447893268
