16985943074585174751
10769754837363196343
14450657812935697026
6130472062350590707
13542242460908401959
928257870460617987
4257917724629660366
14916262080378468927
16840989253959870912
3334460812927495482
8343687319724331670
3389509422299444477
3781075806081690333
10174745433075975997
7258890771947394987
13255693954459828528
15438858756551034159
14396977298125604055
12195832591971854508
2333191667401675100
15325853553508558192
17719775550389991927
4000733652704027476
12206470531212594475
16996404269986465640
