0.59482292318069463
0.65582666152535973
0.11375729779913735
0.48197295772604909
0.25572046485621069
0.58873077640568650
0.78707855226089773
0.39617225861184890
0.35145002802172998
0.25414830089312301
0.42013727561357517
0.90155609846376150
0.27574054765779488
0.86394887727709635
0.66632414547135410
0.25892581795855041
0.40295188902100898
0.07892159128567722
0.35007855678005628
0.42834305913703596
0.55489428710228339
0.59092441189737654
0.87551022070410778
0.85463092425035281
0.88909217335515500
