0.38106894769222055
0.55688102747761692
0.84327824817551533
0.74981331928657158
0.47835748837312508
0.79147315015309239
0.94671827553607579
0.43487062736825910
0.83325545763249231
0.97869907491575237
0.53469796826512128
0.57270029308904047
0.21393180268040701
0.34344754095856478
0.72297783836511298
0.88320702181011834
0.23824230247896783
0.54627696337941722
0.15392591724204341
0.54222404472799879
0.29116568466137871
0.21195644036385131
0.72092989157448739
0.20910732488527117
0.41554230277410864
