645751004697927695
10549764089001836309
10755991541269121624
2486350692091274550
8914658216528374556
3677352435799310128
9282939009138931717
5470573399881632978
10021655519347950097
9087130839260193466
13179271591708180035
9411021111621068329
5916223200451256657
1991346517812336646
16544721429767836309
14006756181938858738
8556857380181577168
9028133236658204296
7076690947011507751
8877369454693034425
7829420971094539824
13557802399215131283
10307692100185112490
5909525621914154982
7324981159564004752
