0.31567406278018134
0.93026946135603072
0.78398455741169559
0.33331235129880732
0.02114482709682618
0.16796499845878701
0.57979025694872444
0.27960747825337101
0.64982252071859714
0.65072498163125525
0.60270552455188442
0.57662485423618137
0.53147303343201358
0.73641226880583432
0.38007951936346412
0.05243554972332030
0.01504811231392428
0.03400117182925880
0.79274767646381505
0.24309723193442773
0.84464284659219424
0.64155414121851762
0.11667369185522769
0.26090072955128235
0.65780213444801838
