0.59482292318069463
0.65582666152535984
0.11375729779913729
0.48197295772604903
0.25572046485621064
0.58873077640568661
0.78707855226089773
0.39617225861184896
0.35145002802173009
0.25414830089312312
0.42013727561357517
0.90155609846376150
0.27574054765779477
0.86394887727709646
0.66632414547135410
0.25892581795855041
0.40295188902100904
0.07892159128567723
0.35007855678005628
0.42834305913703602
0.55489428710228328
0.59092441189737643
0.87551022070410778
0.85463092425035281
0.88909217335515511
