0.25731253034641743
0.34128805565439557
0.43906539785157050
0.96602977381648214
0.23091076334141197
0.82135501756520324
0.37318547148110748
0.57902434741679409
0.71809740273956413
0.47288894595244457
0.45793346540277247
0.67190902106453410
0.28496860881993336
0.12595738070352849
0.46529962741428615
0.41594717387977209
0.17651919979414563
0.47707821651916665
0.22450345053696530
0.42559334749305211
0.73782340811487035
0.82206939047466210
0.02612946998008918
0.29423411004048461
0.69202389573270684
