0.89649079926252828
0.48946988210341458
0.12783765459247032
0.81604290625057507
0.30648920246433853
0.48507948370786724
0.24896524550354127
0.21783758704842249
0.35443333315938752
0.23808336039003797
0.99774822084812420
0.96801541512267086
0.61926351830857851
0.93306880025301975
0.82243808611411706
0.32919574230743220
0.78130336911769060
0.16856367955498974
0.32501904031870643
0.08793476223457020
0.05534143663556745
0.90948429536621711
0.93621519569049727
0.77131956267413992
0.94722229194988772
