0.65988259432207397
0.76625322649821104
0.09386823065871897
0.36214122986039710
0.81648297718864626
0.64546549585528734
0.33146170027800748
0.77577082153663002
0.91718421259269156
0.63564875240318341
0.65765722563308404
0.74302290992100850
0.57670806656627993
0.30782555384464472
0.37584640432316230
0.10587741721926791
0.28472287531303253
0.42238270210959616
0.46028590771711364
0.07163196168544717
0.09992152764728168
0.79155092578175912
0.88498443776901647
0.23670371180262528
0.77650999423286982
