0.27745343430886921
0.44320289150692810
0.77835448749298441
0.41032359269831892
0.21017303485055064
0.97667410416752776
0.00879176535149138
0.17631259134539259
0.17597793899048877
0.20088361856101405
0.02810483753615247
0.12715510616274026
0.31148678606120445
0.15828734342437584
0.77951063269843979
0.17821539574255424
0.70810686467538475
0.99163057558323764
0.71736806395574138
0.58759892327811347
0.19757951873827093
0.16914183355932416
0.41361601576428958
0.35604447851061155
0.74880803243168315
