0.03500623210890963
0.57190385722526738
0.58308346981398451
0.13478534109630991
0.48326459026629076
0.19934967499442358
0.50322913203794328
0.29656037824465387
0.54327503429891977
0.49261434987929642
0.71444974457532495
0.51017247672632549
0.32071910234191991
0.10795111103917898
0.89689114586608853
0.75930777409664396
0.46386816806207432
0.48941608343367060
0.38362818493791895
0.48124316243673226
0.42443376130821331
0.73496994076791144
0.55878110841661843
0.32035602588190393
0.39708802433073409
