0.92080981915901772
0.58382957959027237
0.78337172973147551
0.33233355641811008
0.73412643482211670
0.05032095998900850
0.23082218236540067
0.80861218764547427
0.91295185679741631
0.18076148287218860
0.45231219592924382
0.18374567396585723
0.20497253016430741
0.55157405515139690
0.39350525723901730
0.71859260916141565
0.83694221022747428
0.78046170319261343
0.66113740957427025
0.12648257373109864
0.83081618589543338
0.96059095738441769
0.21688020588987872
0.66171409341604925
0.92137692169806151
