0.65988259432207397
0.76625322649821104
0.09386823065871887
0.36214122986039704
0.81648297718864637
0.64546549585528745
0.33146170027800748
0.77577082153663013
0.91718421259269145
0.63564875240318341
0.65765722563308393
0.74302290992100861
0.57670806656627982
0.30782555384464472
0.37584640432316230
0.10587741721926786
0.28472287531303248
0.42238270210959616
0.46028590771711353
0.07163196168544710
0.09992152764728160
0.79155092578175912
0.88498443776901647
0.23670371180262537
0.77650999423286970
