9497784496248650074
17917591848396122123
1961281645800956484
12714328596277281418
2969436409505280269
15281532234961771844
13994534924608021702
566790325021665309
11784151945527291172
12861154113583581885
11682019712131911497
12606959742057336464
8856802612330295957
15047351088434248213
16415738889963603638
8871075525266794442
219165622528450904
4984530686633904042
17861404229724610693
4042157906539354068
2863454135877260446
18018730104019517919
6539226670899008804
7027871647412673677
9975139863818218684
