5118112495067495189
8175650312356363294
14358106029406444810
7569134301910926805
3877008185082946182
18016457242997927862
162179445395068668
3252393249520994806
3246220003176419812
3705648700195716084
518442745262590253
2345597701049437907
5745917024813357639
2919886114256833753
14379433144123527665
3287493795257764728
13062266109503705625
18292355443449281188
13233105082444066512
10839286955698653309
3644698816371584567
3120116115826830489
7629868787591264871
6567861373942630988
13813070134605260371
