0.89808272402236955
0.46036338469083471
0.86686848631751923
0.03568629385241084
0.25889787660342234
0.59682774430433627
0.30152924449536578
0.67523011251363119
0.94773052712210160
0.00946865401615071
0.66395729660504144
0.09804536077345583
0.17988942233155336
0.25192920528095886
0.25458236792268651
0.71975810359956627
0.21689091684410788
0.33744580841545735
0.19379500854869314
0.67576784269105661
0.23456209031855402
0.45606926251763824
0.54187411536535313
0.18493571089032590
0.50747840120676557
