0.45956599696280376
0.89861844833126547
0.85448608359821410
0.87766868243185903
0.41988740087578169
0.25178345447177952
0.66016541462842560
0.62152024308687770
0.15434243045371276
0.85577967925201348
0.62031803260927998
0.41093526098453725
0.19181486969769501
0.19054554603616369
0.13099438672343588
0.22399356041722729
0.93511340583048119
0.18052806040942138
0.57050971297788677
0.40128721273485890
0.51475348818197608
0.21000935849266023
0.22432096542839364
0.35986059393546366
0.85269472357774279
