0.91694254463469771
0.50479024044946319
0.24636638150077220
0.36102027811423265
0.89727083313838207
0.29158754421694749
0.70518398122570614
0.85793727317547930
0.62268677581097021
0.18712729164123409
0.18540270576185550
0.51968057538165291
0.64464163223759208
0.30361072586071602
0.08376556795868553
0.09802176349603725
0.61746621016888625
0.28312947052707454
0.76962541668117868
0.47894216124288380
0.57498332012580267
0.92218594181649460
0.34349984074094586
0.95236006625318759
0.61673325256201406
