0.95113040219152667
0.54171189067570402
0.35512899994747504
0.14279676109610662
0.34912761355055644
0.97497354445187334
0.95041691398135464
0.04302353136890746
0.16805741107727956
0.19680474054598240
0.89679101059520250
0.19614958698069362
0.86601755533618652
0.87020428069117328
0.03759900019573925
0.08836586066641072
0.22881864051308598
0.27381529462856979
0.80477556602583722
0.52219198600471273
0.31975433053662650
0.35680138313930210
0.03382818925479081
0.76277156087020026
0.98297982334037581
