0.16405111188942600
0.56112247131146942
0.94238176582106326
0.84622791459868496
0.10993789682092403
0.71557296684842131
0.63786680741423474
0.51635096569922256
0.73022594273930108
0.48902826890510143
0.85927269368590287
0.51434734663109072
0.78378258354923347
0.21464920770446294
0.14946440004719042
0.71287407648597745
0.39464497781505636
0.54725616854328696
0.83223751159535209
0.66896693797600160
0.67980576273860238
0.68520391236093336
0.22391960018055446
0.22840283915053605
0.04274692366728938
