0.14611520328862604
0.43563116716117067
0.87634624344602952
0.11221161805247204
0.76108996354162362
0.44004637978476258
0.94056611225088804
0.74264908222834147
0.16630608369530286
0.82685851221708917
0.04921055489904747
0.80905015428543370
0.92716647514652528
0.08520029296052034
0.87151833196849282
0.55115728168379319
0.96677169786010586
0.69877665042890713
0.04766224293318333
0.85863369260185640
0.29976513820618933
0.67925884669701875
0.56977899327546655
0.03230160898874501
0.00797077922339018
