0.95113040219152667
0.54171189067570391
0.35512899994747504
0.14279676109610673
0.34912761355055649
0.97497354445187334
0.95041691398135475
0.04302353136890739
0.16805741107727959
0.19680474054598232
0.89679101059520250
0.19614958698069371
0.86601755533618652
0.87020428069117328
0.03759900019573920
0.08836586066641064
0.22881864051308598
0.27381529462856991
0.80477556602583722
0.52219198600471262
0.31975433053662644
0.35680138313930199
0.03382818925479075
0.76277156087020015
0.98297982334037581
