0.76763315951551625
0.40576934488696353
0.68993389785179471
0.65799613337492713
0.69949995286069966
0.08429012406773355
0.50456430771212613
0.18649805476537035
0.20682303413946551
0.97004494468304181
0.19650131329857665
0.65332452365788474
0.28604514648491858
0.98575736808102965
0.17432935832566848
0.53654062290325333
0.68657405782135394
0.63524595042980725
0.40744331113955490
0.90849040711079043
0.31076481095351571
0.07860517345551103
0.28810061241050605
0.91215681990840047
0.25514411036720747
