0.31567406278018140
0.93026946135603084
0.78398455741169559
0.33331235129880732
0.02114482709682608
0.16796499845878710
0.57979025694872444
0.27960747825337096
0.64982252071859714
0.65072498163125536
0.60270552455188431
0.57662485423618148
0.53147303343201358
0.73641226880583444
0.38007951936346418
0.05243554972332032
0.01504811231392422
0.03400117182925888
0.79274767646381494
0.24309723193442767
0.84464284659219413
0.64155414121851762
0.11667369185522769
0.26090072955128230
0.65780213444801838
