0.16405111188942598
0.56112247131146931
0.94238176582106326
0.84622791459868496
0.10993789682092406
0.71557296684842142
0.63786680741423474
0.51635096569922245
0.73022594273930119
0.48902826890510148
0.85927269368590276
0.51434734663109072
0.78378258354923336
0.21464920770446300
0.14946440004719033
0.71287407648597745
0.39464497781505642
0.54725616854328696
0.83223751159535209
0.66896693797600160
0.67980576273860238
0.68520391236093348
0.22391960018055451
0.22840283915053608
0.04274692366728940
