18419113095322260848
8501499389155617055
9311971558182730867
6583503531073715177
12148397761998059118
8016925059580110952
7384197650882173734
7213596030294482243
7822953345539992014
4658129857443314333
5304197159501745331
11674697985028857511
10637771629592930882
2597779066322011041
10802775054388652680
8635157238382437896
10499189118297084345
10269408240684179529
14170990293308355829
5874022049948767255
2846119197679518349
1442503580184516917
336273905177773520
12263671208814601189
15457421768495852900
