0.92080981915901783
0.58382957959027248
0.78337172973147562
0.33233355641811013
0.73412643482211670
0.05032095998900854
0.23082218236540075
0.80861218764547427
0.91295185679741631
0.18076148287218852
0.45231219592924388
0.18374567396585728
0.20497253016430739
0.55157405515139690
0.39350525723901730
0.71859260916141576
0.83694221022747428
0.78046170319261343
0.66113740957427025
0.12648257373109872
0.83081618589543338
0.96059095738441769
0.21688020588987877
0.66171409341604914
0.92137692169806151
