0.73646781095895797
0.62530546827366107
0.71871961097548231
0.86019553566397056
0.04957829237268228
0.48322966952978380
0.12709619343564527
0.38871476071177380
0.62289703545229047
0.65696211468676802
0.63157166000473941
0.15456005765953074
0.00597524931261015
0.90147276064331094
0.37530204651787152
0.65497711821725035
0.92988788585887672
0.78031828534901504
0.81102907839372140
0.00331714074687047
0.47687527089610982
0.59774078623370919
0.61000755527889461
0.62887309879398812
0.74743639150310293
