16566702167060576893
8492205538298524898
15990901112663269138
658295929634619184
4775822870930166141
11009528655271453628
5562232803945008974
12455797076401061697
17482542484663255515
174665837358432320
12247850326345264210
1808617677802461440
3318374135317617051
4647273574510884511
4696215786748763987
13277193532079725372
4000931234935480310
6224776466585967407
3574886925460095494
12465716447364738036
4326906849500709691
8412992965548328206
9995813126312434192
3411461728883382227
9361324189996502999
