3337671939147310270
6606970229466652683
17453172256287469586
12508967823967229135
13782268777665598735
12599857216192288541
10885311242749527472
4104475494022868011
1936507432306460743
18099077684256826336
12616245585505735884
3960275668906792524
10464232117696917145
1401360825475385415
2716554061564951571
2707554848280400936
12006039020819543394
6995548524926397170
7138551191062005873
4848917539746403026
17715939701682696716
8172720165051992339
3703802098035391532
17672060476858591756
13982833511822302905
