2695349760343329227
8035976651153500650
16165734872805673510
2069939000310800198
14039631774521263832
8117422948451912423
17350382357096100710
13699457556441494775
3067805763828173428
15252847360036887602
907774511947963680
14924341138898623854
17103202680751340914
1571667999247797546
16076675625369029117
10167057319582377224
17833790088131029199
12890154035146055129
879213197367402818
15838995980490641508
5529690786709748696
12530114104823014893
10510567267528407348
595859514184413553
147034924401919754
