0.97608833320561406
0.58220604498254669
0.06453413234769102
0.45197280907474857
0.22891182099610483
0.75118392201139217
0.41282914911845908
0.25999910998181580
0.64483680889000738
0.14267357395102317
0.77729623156643424
0.87248322655501043
0.21183099389973131
0.85171265119564377
0.20185931073080929
0.45523328407086877
0.76348941380115432
0.92512873853859445
0.00522472627447183
0.13890500133115777
0.40174949361052070
0.84564479545975868
0.10504044306128503
0.49919890466381905
0.03255974511183091
