0.30439591293947099
0.26965884234741411
0.92118475484626161
0.49058254346757318
0.80989717604810563
0.97787109691519869
0.30996576895443945
0.68527262426081859
0.05885688281488660
0.79537249813379862
0.86919103363470585
0.76564123503585291
0.31999402588750997
0.54014254992680422
0.85837318305412269
0.79756064216613209
0.63533252387983097
0.83459628435303579
0.89218158400836256
0.94056535166874833
0.27532604567118035
0.53282954580854835
0.39958633912606523
0.87771692823024483
0.06835004646472910
