0.64698006674749731
0.95172792725533151
0.62969195147621659
0.89183316421128278
0.49901501126180375
0.30229027239389500
0.01031869425639405
0.05948185784194088
0.18946025395250257
0.91495412071594839
0.32962378331209408
0.48284494877815520
0.14818037299101955
0.14210450536468255
0.40287576731260766
0.84651034151737148
0.88772588723914847
0.54448260547605953
0.17468753671276066
0.94420836038658984
0.21141149698205380
0.23491232932206146
0.88954461924893424
0.04089344374155379
0.57603918577966473
