0.99850212166023000
0.46086720535533543
0.50480298967524717
0.35689244154780553
0.65856596228881681
0.43459837831251191
0.40029815675744052
0.39104982437390434
0.42408315062436019
0.25251772555798169
0.28754110418116163
0.63288664592402133
0.57667475556046599
0.14082588536718454
0.58561960914201949
0.46811281188040843
0.56916218256969342
0.55670573623451658
0.76821092311379580
0.31843137338911054
0.15428843086384181
0.07819827577270855
0.01822944492719636
0.66481494836223620
0.83794851312139651
