9217925036334342075
7886632908509711509
855685885470101773
6033348633368229974
12284330096900633524
16793856727065990774
4795075250433117085
17675422165234085218
14630676508516830984
1505237308288275809
11746057826142600601
3656586078009731546
1878154150890328755
11734868110137440299
13517501743340620310
13351084131540725750
9538940264849391969
8185633799239573820
7604540814191126149
6034983421277548129
3910241009008691786
1915453521875539132
9631248426200058632
2655374340298625115
10255993170427044454
