0.89649079926252828
0.48946988210341458
0.12783765459247043
0.81604290625057507
0.30648920246433858
0.48507948370786735
0.24896524550354129
0.21783758704842246
0.35443333315938746
0.23808336039003794
0.99774822084812431
0.96801541512267086
0.61926351830857851
0.93306880025301964
0.82243808611411706
0.32919574230743220
0.78130336911769060
0.16856367955498977
0.32501904031870632
0.08793476223457028
0.05534143663556745
0.90948429536621711
0.93621519569049716
0.77131956267413992
0.94722229194988783
