0.64698006674749731
0.95172792725533151
0.62969195147621659
0.89183316421128278
0.49901501126180381
0.30229027239389505
0.01031869425639409
0.05948185784194082
0.18946025395250266
0.91495412071594828
0.32962378331209419
0.48284494877815531
0.14818037299101949
0.14210450536468267
0.40287576731260766
0.84651034151737148
0.88772588723914836
0.54448260547605953
0.17468753671276060
0.94420836038658973
0.21141149698205386
0.23491232932206152
0.88954461924893413
0.04089344374155390
0.57603918577966484
