16395693955826376989
15147094576310262416
11708576945943272521
15631354286820941000
13912726538513391265
15504803370482293189
10283231654569686562
10980185033238581357
12002430115546021404
18142073373190266228
17649101314833409906
17025443189688899548
1891134494962771975
12064738763747576150
365651406770306681
315476968465709570
7018554471975845547
15242323530796765892
18007970777274506059
1194184400684275092
16268046782394453948
7542279424335833258
7177866872761481930
12245776152997027759
2732995833533647056
