8950209987584682611
15455919756645530967
5994234439061839091
15835217212039288414
5092868760352374335
16535497946672171211
15006508213599505753
9211728523664579117
18196565674755363151
17931817416615650161
8725645120254130077
12266032096904472282
4755391722957931476
2532650601495664695
15313760146576865594
5523787054345132535
5862189998023017452
18244662354765794060
3476615719015784277
14787265352619623744
6317310043661959670
16727943039632911262
15547896083920278852
5135361087182307238
7132151074602313712
