0.38106894769222049
0.55688102747761692
0.84327824817551533
0.74981331928657158
0.47835748837312519
0.79147315015309228
0.94671827553607568
0.43487062736825921
0.83325545763249220
0.97869907491575237
0.53469796826512128
0.57270029308904058
0.21393180268040693
0.34344754095856483
0.72297783836511298
0.88320702181011845
0.23824230247896780
0.54627696337941722
0.15392591724204338
0.54222404472799890
0.29116568466137877
0.21195644036385142
0.72092989157448750
0.20910732488527109
0.41554230277410870
