11934675712082606351
17556281501881161951
11615766274156500363
16451418136652117971
9205202201685783417
5576271290822128641
190346312122557651
1097246608639056877
3494924816801833254
16877924504033054312
6080485571366093071
8906917197394026548
2733445417312160550
2621365442183385185
7431746173115033975
15615359625719419918
16375652249507314811
10043931275803436258
3222416282607037624
17417569976308337934
3899853779067765708
4333367618763043810
16409201933430496497
754350890993082429
10626047436505506447
