0.88881235031572059
0.82112564232394936
0.63472322807526949
0.84737741383309340
0.75421041691264756
0.84051707491187366
0.55745510500280815
0.59523702336650453
0.65065304031902205
0.98348376823021555
0.95675969939795780
0.92295112468946205
0.10251860639504573
0.65403079890626004
0.01982200247963737
0.01710204072898316
0.38047660031120323
0.82628801429083887
0.97621405193882482
0.06473686607850956
0.88189258317839436
0.40886778686788150
0.38911294286298664
0.66384485544252803
0.14815600100555060
