6351607273443741106
14602765991037896070
479746319701225543
3055880564856815239
15414661640785586634
8572980456272613161
8992804113975138860
1100515222722163484
11713569072765218021
17800283677640982457
17268600690322613143
10815640365633774468
7314445528884280319
15899313251301536263
8192242971038988051
12319537386165604382
17623728146919454404
18243239364621122134
5609337233477473189
6650164187437305700
10347856164132508971
10656602111797575214
12463908705273101447
1898494248059712586
9442397137067744306
