0.18093555837337100
0.35816457381673983
0.94613836385153038
0.67811250451482719
0.74713828752620903
0.68303962834014198
0.59009390487849622
0.22250406237665538
0.10497827825704953
0.98115296726275814
0.68392804362079873
0.21468697419351143
0.56726715976997943
0.07596792257082463
0.14726469076115206
0.14677684243146355
0.65084867946591440
0.37922944542264830
0.38698163548742059
0.26286034653980589
0.96038301560932893
0.44304404790327301
0.20078351405731704
0.95800431806526520
0.75801092355104283
