0.30439591293947099
0.26965884234741411
0.92118475484626161
0.49058254346757313
0.80989717604810563
0.97787109691519880
0.30996576895443939
0.68527262426081859
0.05885688281488666
0.79537249813379873
0.86919103363470585
0.76564123503585291
0.31999402588750991
0.54014254992680411
0.85837318305412269
0.79756064216613221
0.63533252387983097
0.83459628435303579
0.89218158400836256
0.94056535166874833
0.27532604567118046
0.53282954580854847
0.39958633912606534
0.87771692823024472
0.06835004646472920
