0.35852853541112845
0.89036878557631505
0.82914059581403332
0.53771663337987363
0.85968300902074968
0.54746290091865979
0.39160657304867796
0.21342454982273881
0.46114728471109984
0.13317635106407291
0.86403525198307563
0.30839555718997969
0.46975096373260006
0.31901382341253315
0.09804346552119303
0.91693261898798917
0.15164528533808597
0.99138447204922708
0.54106963446077427
0.45779006596714195
0.31081069906144393
0.42283285277726768
0.83527627727328468
0.83870482847177563
0.30959431596691572
