0.96117320117892013
0.87957526142780573
0.62574743902119856
0.49545248179270729
0.08829772627599511
0.81537415374660871
0.86373008883795044
0.47203888994986815
0.02077103364206218
0.45103354707153437
0.18460459905303289
0.46386887336035826
0.76404613040675229
0.40646813833225376
0.38958345018645685
0.81975289249785688
0.00352372709714896
0.48256432525702825
0.56931639648064891
0.81782036186854079
0.65752390853034060
0.18017820766095960
0.12847676605192709
0.01749634138377519
0.90854991298767240
