0.45956599696280381
0.89861844833126558
0.85448608359821399
0.87766868243185892
0.41988740087578169
0.25178345447177947
0.66016541462842560
0.62152024308687759
0.15434243045371271
0.85577967925201348
0.62031803260927987
0.41093526098453731
0.19181486969769512
0.19054554603616375
0.13099438672343597
0.22399356041722737
0.93511340583048108
0.18052806040942132
0.57050971297788677
0.40128721273485896
0.51475348818197597
0.21000935849266020
0.22432096542839355
0.35986059393546360
0.85269472357774279
