0.34432132023212175
0.79161753058903639
0.02600710010309970
0.16565961736369947
0.83563048195343514
0.46474220176832692
0.48750088785542139
0.05965904976643692
0.63499385181255330
0.96495531170783089
0.93613271921162289
0.58631703906210264
0.39651688664716106
0.86190349840443470
0.44410238133647872
0.66784345990485705
0.95538421720920030
0.98896798761476468
0.30408278073700529
0.36050612297024132
0.56095840668599928
0.57769555804622730
0.67566984479590442
0.10291757940987872
0.51187337447398784
