0.34497709328369119
0.66019941113583347
0.95070167945984607
0.69275994163607890
0.31606271692499754
0.54236003517801856
0.60839746025825148
0.50632393634316830
0.50224048818259537
0.94530681796055649
0.37722190464743599
0.76389801722329020
0.69531915490716234
0.98455645083788779
0.66489380636461359
0.43362975644797197
0.97198654707980914
0.51093929509384084
0.81357048694842493
0.13062501225408185
0.67892118526654766
0.73426551201556711
0.96260523059433034
0.50185345939652659
0.52777926941989250
