17050930969506253877
12312221476551923737
16470838853786504251
7689706515057068870
5904356384966858983
9113450579652580208
439452692472262344
13120269818781394470
11680576588677318406
14598469892676709385
13875551786992760101
5069746450422579340
1913818013814862324
1398867012379797920
4092248883666232417
9865457682042574791
14972584907150435953
518525393538494350
12294082738573243581
9007199996108084963
14618447583201950021
5869651533965488309
2564404499784478421
9426579454235772395
12670272115522189168
