16537336338431182496
9029125646950475997
2358188497250582445
15053334644770514823
5653727879215004960
8948137091366190742
4592598167052093944
4018394217916675707
6538140987983053638
4391862817323787871
18405206079984386031
17856732622173619292
11423395636423298003
17212081361430671802
15171304891018615310
6072589608500041307
14412503294041064599
3109451056873683310
5995543055841861907
1622110054123617743
1020869318287726563
16777024035678673130
17270122112820507485
14228334571695433259
17473167200512171392
