16914604451172265467
9311736376477555626
4544657587910635844
6659648675792695132
16551725423707880902
5378840803251497901
13008348426550203369
15826149309564304615
11486543591468322358
3451889258112253778
3420076263762223427
9586414574143476640
11891539209145253083
5600629357985818488
1545201994322797183
1808182384865084505
11390241153148799056
5222816882537835153
14197083094139777326
8834923474556811472
10606570153012492263
17011328057061682452
6336453651508218192
17567942408193625058
11376720471757949375
