5615113503077595270
4974327651995539382
16992859417251861618
9049650626375814058
14939965932579493751
18038537861872300786
5717859211513129556
12641048720458648017
1085717854262526995
14672032916341211795
16033744548622490491
14123587914985282518
5902847900662885100
9963871381820640442
15834190427534841068
14712397049302082000
11719816469715203258
15395584062329374001
16457845347479063227
17350368326832022669
5078869101322731603
9828970266441191632
7371066933209039235
16191019544225820256
1260835814561014105
