0.28763874740874590
0.60090197538612611
0.71136994943998000
0.37380639186629272
0.63724330311379118
0.06977725249540677
0.36614295344626507
0.16688972754578088
0.80538912903722260
0.15353405161769873
0.78517341485238890
0.10499945094575722
0.04097234991954560
0.43348626027306852
0.12336354902243865
0.47598232432505788
0.98296699785673358
0.27074855717761248
0.75766747899148190
0.02405776123648339
0.33695786619040125
0.32166959187834515
0.34936916972197651
0.17841905595843346
0.03158844177370807
