0.96117320117892013
0.87957526142780573
0.62574743902119867
0.49545248179270718
0.08829772627599508
0.81537415374660871
0.86373008883795033
0.47203888994986809
0.02077103364206223
0.45103354707153442
0.18460459905303284
0.46386887336035831
0.76404613040675218
0.40646813833225381
0.38958345018645690
0.81975289249785688
0.00352372709714899
0.48256432525702830
0.56931639648064902
0.81782036186854079
0.65752390853034048
0.18017820766095960
0.12847676605192715
0.01749634138377509
0.90854991298767229
