0.92433282000195238
0.66744686365001404
0.89288596339669912
0.41685982547004052
0.32007580098548638
0.49404114586493042
0.02382277819415146
0.71125125205593920
0.63320532566636356
0.79138463863021580
0.75219516959463373
0.27483150577494186
0.10374828241599843
0.07583273269202417
0.22184125650111552
0.53480753257171842
0.81166545420280889
0.02810931790816673
0.66646356069388257
0.48828129018959066
0.79246763140365128
0.31819444724291290
0.13901664648989664
0.51101589616948229
0.68685682768158329
