10972546233090069691
12097866581873651676
2098451759017448453
8890831801621258953
4717209969612554846
10860165960672021582
14519036619462609706
7308088263716252626
6483108721614905305
4688208663343570570
7750164799069194171
16630774616453096523
5086515313387852099
15937043831899299529
12291510981643282843
4776338297957288125
7433150370788367207
1455846396336793855
6457809542615296177
7901534787650739078
10235992902139330698
10900631393178231168
16150312975245641106
15765157937124111459
16400855779820752877
