5305998359131522468
11084684953334384221
13122459399047014797
6895510843874285935
11755064125225426194
1287163118949379892
6754145356615402664
3078572092568135308
14856807143097482427
2832203356791400533
14483893037262597117
1936897999476403821
755806453064331957
7996410102726743501
2275655816841447874
8780324120433758839
18132540642365769822
4994429342581534512
13976498077928575025
443787364515819367
6215775521237600092
5933756637674433348
6444723661105696307
3291250663138085477
582703901086868575
