0.34432132023212170
0.79161753058903639
0.02600710010309981
0.16565961736369939
0.83563048195343514
0.46474220176832681
0.48750088785542134
0.05965904976643699
0.63499385181255319
0.96495531170783078
0.93613271921162300
0.58631703906210275
0.39651688664716100
0.86190349840443481
0.44410238133647872
0.66784345990485716
0.95538421720920030
0.98896798761476468
0.30408278073700534
0.36050612297024121
0.56095840668599928
0.57769555804622719
0.67566984479590431
0.10291757940987878
0.51187337447398773
