3026208876031731187
10350882622290104919
17383875253831641198
15610149768630883740
2027996246657473126
13199991385517878933
11766565749484567233
9524994116466336224
13470291081695174139
9020979321301621480
15850783469950869591
9488033868295306193
14458236728163582481
3959579000148753225
2757131535801062005
13150205645718873496
7279914905729129195
10095094483876874724
15352072384940344553
12340261898616433588
12540202925071914200
12639781209626647999
4130587557618056084
4213288719518587157
788541560828885324
