6613684135850998517
16424405118745860490
15294944372104525256
9919121120135235192
15858352451922309854
10098908023097126258
7223866230611407081
3936988049626735951
8506665941351731924
2456670064749449631
15938637163994938908
5688893916952612614
8665375806353690786
5884766356466571406
1808582716569014200
16914421355307668156
2797361768616331147
18287815634541752793
9980973072953480804
8444736186382480285
5733445420957213224
7799889421138765409
15408127717701140652
15471373324203314109
5711007113316865456
