12172685336154802418
14134877164866697881
1731563227613323606
6680326585773167387
15061452520739393237
11906736810452520886
6114389155265025940
14310445804737621421
16919062438144193492
11725649856354294407
12131634529479357213
13706353460215791568
10638386109192015996
5678379211120060261
6933142431573337846
1953093618629203011
5252210012830225821
7791585606977619695
8490776340392685767
1321376464709210843
1843226847963496919
14601537349203974509
16325081432740783908
4366412792920133181
14324081134291427349
