17730516052655683654
16225299741124905979
11543002862403223862
9139485132314312274
1628805558903740869
15040998338481194090
15933007897556086378
8707580595743165641
383157941741532171
8320100411486025148
3405353793561062512
8556870390638515581
14094163428121472234
7498013721932256282
7186546200942342764
15121771811591104493
65001291946702312
8901740607118734591
10502033862845088307
15086122913657505255
12129175263004400873
3323701284381415240
2369978022777754601
322750531732754185
16759787723074674473
