0.88881235031572070
0.82112564232394936
0.63472322807526937
0.84737741383309328
0.75421041691264745
0.84051707491187366
0.55745510500280815
0.59523702336650464
0.65065304031902194
0.98348376823021544
0.95675969939795780
0.92295112468946205
0.10251860639504573
0.65403079890626004
0.01982200247963728
0.01710204072898314
0.38047660031120312
0.82628801429083898
0.97621405193882482
0.06473686607850959
0.88189258317839425
0.40886778686788150
0.38911294286298659
0.66384485544252791
0.14815600100555060
