0.03500623210890952
0.57190385722526749
0.58308346981398451
0.13478534109630988
0.48326459026629082
0.19934967499442369
0.50322913203794328
0.29656037824465392
0.54327503429891966
0.49261434987929636
0.71444974457532506
0.51017247672632549
0.32071910234191980
0.10795111103917898
0.89689114586608842
0.75930777409664396
0.46386816806207437
0.48941608343367071
0.38362818493791895
0.48124316243673226
0.42443376130821342
0.73496994076791144
0.55878110841661854
0.32035602588190393
0.39708802433073415
