17545259109951526351
9992820608980038438
6550973775183484701
2634135306494525251
6440267736232086594
17985087453141190036
17532097575538875611
793644072309449307
3100112051832777234
3630406681344545285
16542874260053050639
3618321231196687624
15975204206626232831
16052435657756584365
693579134038156297
1630062416566354381
4220958900839045342
5051000663480606534
14845488903253362087
9632741923171054118
5898426301869478481
6581823799916290105
624019949660136285
14070651770076549393
18132777230780138574
