0.27745343430886915
0.44320289150692804
0.77835448749298430
0.41032359269831897
0.21017303485055072
0.97667410416752765
0.00879176535149140
0.17631259134539257
0.17597793899048886
0.20088361856101400
0.02810483753615245
0.12715510616274017
0.31148678606120439
0.15828734342437578
0.77951063269843990
0.17821539574255418
0.70810686467538486
0.99163057558323764
0.71736806395574126
0.58759892327811347
0.19757951873827084
0.16914183355932411
0.41361601576428952
0.35604447851061150
0.74880803243168315
