0.35852853541112839
0.89036878557631505
0.82914059581403332
0.53771663337987363
0.85968300902074979
0.54746290091865968
0.39160657304867807
0.21342454982273884
0.46114728471109989
0.13317635106407300
0.86403525198307551
0.30839555718997957
0.46975096373260017
0.31901382341253315
0.09804346552119292
0.91693261898798928
0.15164528533808597
0.99138447204922719
0.54106963446077427
0.45779006596714200
0.31081069906144398
0.42283285277726768
0.83527627727328480
0.83870482847177563
0.30959431596691578
