0.59391458233812622
0.23419610446819894
0.11986044575602439
0.73107410514934557
0.37297299675900286
0.61055151950800657
0.90834308922177409
0.63449874914482340
0.02803975963986671
0.70017848466891464
0.63642833209218252
0.22669058767762396
0.58983667597704947
0.04216979128469933
0.28807985973732730
0.91649080329583699
0.69179194152383450
0.81329583808872807
0.34565562334923539
0.63548156059407468
0.61321729413387971
0.33718782508255363
0.17215672928648040
0.73654457106268079
0.20763826159484033
