0.99043805803233653
0.05274224581859677
0.90141292652004512
0.31063118651386235
0.74598327552067134
0.59625330869201865
0.73919441124300100
0.50531539128217318
0.17675613125783263
0.41270064676754503
0.08123219709322982
0.70345800607777054
0.57958624037387108
0.63369345894394236
0.84705504180081792
0.62724436688473728
0.37208313988586561
0.67978262824213209
0.26538595626679762
0.63311317938353484
0.49468533382374946
0.24698276032520428
0.26885042885376309
0.06731736438632285
0.65539451879016031
