0.93780838361144558
0.86980552755610674
0.58151119806710427
0.78524945097964738
0.20246664619647381
0.43083013908272683
0.78097102810527164
0.94602666153112525
0.70108765123175654
0.89133173274975686
0.58721426928561771
0.93355771752019101
0.50125666349196696
0.48244492895596325
0.62591429836679002
0.19473907242300958
0.25232768158399022
0.06288067619012538
0.91145557434002167
0.68497896506220946
0.61970917404652692
0.48070612916037447
0.56572076619727885
0.29125323848497187
0.76339917316858141
