0.30083231050216697
0.46933444738142971
0.48663307744003026
0.90067417346510337
0.54002867528005094
0.39072394748497763
0.08547302706921078
0.95204397872191104
0.51779242534299375
0.77785090790400424
0.65974656818274513
0.37975978138731858
0.54480862703191801
0.80660415575377520
0.04530482432837735
0.85240155787718541
0.53976054759031888
0.08697941611845750
0.76636636170432437
0.33101382964965864
0.87688114537457462
0.63459661673568679
0.79597649905443446
0.11645290271675512
0.39491052105863556
