0.27357519748252568
0.83887031546115265
0.88867071895425520
0.19391669933009392
0.84938921320245375
0.23201679588232438
0.80541906394440399
0.52489110031382913
0.85688159062496905
0.79547473371663047
0.90525558035805165
0.69911687808479817
0.51999927950276559
0.36381715826401517
0.55867449216740239
0.71868628791785938
0.44890073594881275
0.75017992948325085
0.22075485996795774
0.02120003460976150
0.18264761091305581
0.93634285150334906
0.08762331294653858
0.46820182213893313
0.96005857590689103
