0.29026785796863896
0.63263760283957837
0.20939913359306961
0.82049869321693625
0.57461031194647727
0.42064983231046060
0.42238234695346477
0.73153590710646332
0.51835086280820841
0.54514329590069388
0.77520570095332242
0.46263557243257236
0.45653617954712022
0.96059292033933652
0.02999992077226865
0.44079903163820955
0.00002331393046628
0.18406158342749468
0.77612327764949052
0.03519574880670373
0.89075198349629348
0.49287949897014804
0.37841509965483167
0.92896959494902287
0.46815349359906300
