5354496888771357923
11670103950986810838
3862732226647873311
15135529406585951384
10599689366591077310
7759619801279905797
7791579055503359964
13494455659121895211
9561885706609553215
10056118862978618620
14300021169966560464
8534120004057780628
8421606064494840277
17719811760517008889
553400860717603294
8131306924569051296
430066108665827
3395336923288733865
14316947472448772681
649246970719832250
16431473872705280094
9092021976680512981
6980526496959975437
17136464370282250617
8635907683634939198
