0.76322823981934207
0.62773120776349944
0.70429627300415454
0.74919410075724224
0.85800141766147209
0.23421349357203969
0.25176908478096516
0.06612531247810072
0.01210663017941671
0.26942451981218996
0.09330862190478462
0.55675841203702359
0.73299353972974823
0.81320508022899796
0.36425533913242547
0.49545098335274740
0.76578621505521183
0.50519963092868581
0.04915060505671909
0.87524456662682149
0.62027232641527008
0.55104881559993135
0.36341368346998926
0.99644963901047845
0.45472367537489300
