5761717516557699368
17295345234682295910
1053790060648499002
7492133939475596510
854510344979523816
6732341938274694184
14171448956491336291
13077870708265094545
16045524452780191990
17219785564634209594
47647554776045932
15561338809844229416
5180381098968972156
2908352021015903530
11858614989820524846
5065159385934113542
11127088706639921085
10412120055775153433
7695653262433194978
11483836839778441000
9280067418295908952
14161267936386695038
12818941489769939888
579148069957771257
16370311765429392741
