0.38169810134902538
0.54949058405937945
0.95980155674726431
0.86475040813435544
0.71014075367128948
0.95464006349936514
0.84134386135102190
0.18297722398279037
0.20334359776884392
0.18142354287393403
0.68353725615674732
0.88493321829784788
0.72923146248840209
0.12061704215685920
0.37627913686160752
0.32232564056065371
0.08146800080210481
0.90398323428239136
0.96218387758750745
0.52667160428680238
0.99465174063787221
0.54675423774372522
0.23733776970411868
0.63393289456618829
0.75775357429783174
