0.85563916052289635
0.76259636250013318
0.17377520924141343
0.59978936642355629
0.84227145245874901
0.26129997636437696
0.97180181838624813
0.42235086858910142
0.48295832580169329
0.67313477332318261
0.06624090720800502
0.16710677116446271
0.37404979305897679
0.31048206538615675
0.40885492130154855
0.16467256819560927
0.58301768243668750
0.93137333559187319
0.10151244518531466
0.78643966300302681
0.99724941513595255
0.83792228368097343
0.34034771000617681
0.09537595581749947
0.94516418220782161
