0.99687838651652050
0.00771823647501702
0.91243912753002510
0.88279717258145174
0.00187307913793000
0.50939766308806766
0.05231428709492292
0.75880335144815170
0.76989884684540344
0.02224994492277688
0.87283853434456382
0.53347314556265035
0.97597401733364197
0.91184272947673928
0.36364851634114237
0.07318290556629325
0.60015526695779742
0.89896920221689869
0.07566579421474984
0.74707375624963079
0.59310561492041824
0.83578886846863554
0.12978859607947257
0.74989629749082154
0.66926551780706534
