8235601785088654443
5021034835666662103
691151207669954204
18112587385700552269
10570837817052584166
18068586877312406535
6798407401035645336
1500650688388943983
7082380895683715962
10716486055157415372
11786021009044247934
2194231189423886696
2271673445766787827
16593586839248089113
8712282177947819597
1710615831988310554
5342155780723990790
9815611181191156423
13593176508823025743
3567000855745064241
14422739841493913859
7730310360007670144
2674972951730981461
10198740500316413527
6595792276255187219
