0.29026785796863896
0.63263760283957848
0.20939913359306972
0.82049869321693636
0.57461031194647727
0.42064983231046071
0.42238234695346477
0.73153590710646343
0.51835086280820841
0.54514329590069399
0.77520570095332253
0.46263557243257247
0.45653617954712022
0.96059292033933652
0.02999992077226865
0.44079903163820966
0.00002331393046628
0.18406158342749468
0.77612327764949052
0.03519574880670373
0.89075198349629348
0.49287949897014804
0.37841509965483178
0.92896959494902298
0.46815349359906311
