0.02444647551565937
0.99828101588991591
0.24369759975026095
0.05995703884548387
0.65834412158646638
0.86934752453438546
0.60738211623128391
0.57546581186530366
0.13636584906964877
0.15707466039433149
0.53163858545223397
0.99207616459580572
0.59643501620021844
0.92080467023736234
0.68094411558327306
0.20771146695924270
0.27385455465066577
0.34232211770090404
0.14930394374198819
0.79176090786287279
0.82142078703711940
0.21127613517433430
0.39798453670944511
0.35151920868843234
0.68820577334044819
