18389160468682764907
142376332955010923
16831531068385205939
16284733511604444122
34552211487199297
9396728322731307983
965028265438611405
13997451226437139781
14202126990401264590
410439039644599239
16101029060725915583
9840842586391014255
18003542920343863940
16820529466130183524
6708131113729239808
1349986329551866240
11070910614059324582
16583054803441980523
1395787541013464862
13781078385721812497
10940867487117085811
15417583356296216176
2394177015564093585
13833145081635548496
12345769724345637019
