13013836141996049768
14794213718752926202
2024801755835328476
13946607808388289785
1643064804248281320
16702637657203700369
8774071082751901408
1062558052264617733
4099531965026327985
9800991281792908938
11850793689317312490
4600687659144125433
9621693393046684846
11418347027260299029
18406441337204469684
15190091486892078758
14023774828026453712
2869768283933237751
16845760321267718737
13360050249544969101
2998345934627881294
16386666770117492163
7434425964029273804
9892910523275204234
2436942355344751884
