0.31088091540070473
0.98267752250038320
0.56642574137829604
0.25221572387775193
0.46333737799020891
0.56567186812973891
0.20174429301962027
0.73315122768650065
0.35284356028235442
0.52044784792240928
0.54996882903715572
0.96945004920008693
0.87849579067957129
0.33190687693340548
0.90865695280130732
0.64242141284200538
0.95484129865724221
0.75081037345582669
0.43033079941283314
0.58231719413975802
0.15905890672549761
0.31538405292159311
0.79473178007248491
0.99086936591480190
0.44823566318943198
