14948388201820396645
17206837444736467445
10330050496305772072
552140265520126837
4936270480018964969
10169288934035545451
534822550928932197
5812214192947033085
7059454921090613050
7243825101398110852
4591418192219242155
11809663369698267751
6266051072378163085
5900498408680693406
6672915091606193972
9552923167636589104
1724404689852908959
17265104495904968413
7052019321282893796
12672246716865056147
17147664897190708490
16251472081203081637
3284138023006757001
5385811238727641290
10308223087318374693
