0.28099832290152571
0.24716859371293387
0.16099206078641648
0.94156093939713881
0.61039624196158837
0.52152687796221076
0.25073078659967518
0.73384781591539261
0.17206353067287250
0.38374230891150407
0.21919151762666422
0.57100353495992151
0.82954926086533731
0.40757061658655125
0.79043217888561890
0.01711498112651177
0.26367796050229708
0.40515412212739654
0.54636337573556426
0.56509997140246659
0.18805915789427308
0.66652920324744291
0.42916906903304353
0.11133540231527361
0.48442956352671673
