18270357377384398954
972922710488331983
16628133560248825861
5730133998933957666
13760962566797383123
10998932188544207431
13635730124916051125
9321423699488650804
3260575116772253207
7612983209975309388
1498469550323944043
12976509804718649949
10691479044820305566
11689581058322675677
15625407572445035242
11570616307598726593
6863722455616834638
12539776168936253115
4895506816010293138
11678876789780634390
9125333750064280349
4556027770337387980
4959415055172426075
1241786192551148503
12089894955434112862
