16219391373206864762
13682340063234715587
16046809760914819335
17263325637422030935
8026766051756816278
18194212421028096991
17601786867089295523
16419253470280776745
9373402879590879988
14957802935773915537
13956982711925246831
9607070008614045368
15265126468060317100
11571691189949611542
1066635418760459244
2050400340856448474
11576543492444372142
1979348950540661909
4606846061316878208
12987865533366080746
16059821787708123539
9329059466198525848
15344383213740496213
5548596252312753612
11581212779933299653
