5183504147706043369
4559455791281185256
2969779343226114656
17368733678860566603
11259823259019511434
9620472845329653913
4625166651804090798
13537102849241965804
3174011914741351603
7078796162744907124
4043369828787069268
10533156074589137248
15302482911717800261
7518350856136110355
14580900111527619110
315715676667133576
4863999855263568117
7473774401292546669
10078625363441967054
10424254548521887993
3469079156392991441
12295293629959114983
7916771980804741927
2053775672853343698
8936148180116167076
