6618562951247598962
13855695603770284230
26696072161930127
18036089387234998506
13249239580702303013
14716660260290038573
4387664024538866631
18282144906115293177
8224279521414263642
6841285811285788425
6579714299721730472
7908068176294693811
1833501479122810913
6437474832432391526
7786734987953782806
17201275555216557029
15887746915075015569
16438094999620072953
16635107882182173277
9118862239740412014
14867528738614677083
18302097971404076742
12392751870580709836
3841047132774716803
12049135987743881036
