0.06794997370677791
0.29764612866419227
0.03826963896865121
0.90351477906728406
0.41863317533335298
0.32951838397769539
0.70519008593987442
0.11460669379767618
0.78891806199318226
0.40720879416569600
0.89928563967721642
0.52254157951309499
0.41589645889749793
0.80217510781716661
0.25412433504272425
0.04637149912014316
0.73341194817859701
0.55854177983791020
0.11489369470042765
0.76326338426325668
0.85692975523393367
0.63509570904459289
0.85186444011820517
0.97033269111884490
0.97760239568646967
