0.06794997370677802
0.29764612866419238
0.03826963896865132
0.90351477906728406
0.41863317533335309
0.32951838397769551
0.70519008593987442
0.11460669379767630
0.78891806199318226
0.40720879416569600
0.89928563967721653
0.52254157951309510
0.41589645889749793
0.80217510781716672
0.25412433504272436
0.04637149912014327
0.73341194817859712
0.55854177983791031
0.11489369470042765
0.76326338426325668
0.85692975523393378
0.63509570904459289
0.85186444011820528
0.97033269111884490
0.97760239568646978
