0.52169758674044264
0.17887586525437038
0.75827599835029902
0.82043012780315616
0.86052756436379785
0.82734675030060567
0.02602274207369437
0.39123482558931066
0.37068826223837303
0.36115294046555102
0.39272534138178805
0.68048904363537732
0.20207487831232862
0.15471413659166100
0.39383057839535207
0.49407321705025564
0.11049467685642489
0.02282733820733196
0.53990883960641589
0.61133801772158602
0.76958068767498100
0.73911962000948395
0.03522236732495865
0.63360050794990286
0.82943958853715827
