0.02662634117295548
0.13916638076990773
0.26734227456230231
0.97114978692446419
0.19851924041980995
0.10774756838030286
0.87353054861799495
0.20042998003691836
0.93953814265997948
0.50406255367182551
0.98426465594458257
0.19425783062218982
0.23469899968460006
0.35522658810704399
0.13856182933976002
0.48732091637903530
0.96723789127240967
0.55909269571412035
0.19602118688687797
0.07483482373826034
0.91540271351966618
0.05111633561841233
0.05151048758931565
0.80042937020089278
0.26867606750827688
