0.92014377360894217
0.38529907397558161
0.82680414493909926
0.05119661210905813
0.16955477734894531
0.76539700521652321
0.66528935397223521
0.16151512935019041
0.94130121581661919
0.24424666571030995
0.34320113200259006
0.51612903459494386
0.10326598143869348
0.26526307577957231
0.22065149837748510
0.47176954793516224
0.58651122064114303
0.80318948427380488
0.38797846596311369
0.40012296454380281
0.06532985202522323
0.68538124885301599
0.27084225117381489
0.45344610286958842
0.19711029225554388
