0.28099832290152571
0.24716859371293376
0.16099206078641637
0.94156093939713870
0.61039624196158826
0.52152687796221064
0.25073078659967507
0.73384781591539250
0.17206353067287239
0.38374230891150396
0.21919151762666411
0.57100353495992151
0.82954926086533731
0.40757061658655114
0.79043217888561890
0.01711498112651177
0.26367796050229697
0.40515412212739643
0.54636337573556426
0.56509997140246659
0.18805915789427308
0.66652920324744280
0.42916906903304353
0.11133540231527361
0.48442956352671673
