9927648532446481843
4658371426975152851
16641634269029235112
1752885719738476282
3454605007582414224
4683717698467141117
3812268036350555578
14934450704478929306
15126604757490233726
15978261892562121732
7941960527064135029
12149843120583705535
16538420435456409155
10512386389655310778
9555053392692585543
1975967214895892957
296941167846309271
329756011249535494
18168128729157918148
14331644256496587688
5654085877201202302
15270925477211127726
12397784329865723042
7693279854204840406
6595130839099278558
