17299511242659569206
16045079960725422931
10726988246740098451
14485295656242490068
3734850405848652186
7947413314899753760
14406372684439776427
17451111712170517884
12932784475510355020
16442168358810843998
10832191341942154456
17221100293131399843
9246553386677865035
8899538134109641590
11546080874047657177
3592301830138848200
4654624164892343470
1159943740861044999
16813387714406330595
12635631664377014643
11431616533766212027
8867462939284997532
10435706191224082187
5372673950971370805
14082229173522301879
