0.32461734083266336
0.09721403827077979
0.25637447029722427
0.79902242574605575
0.60647792210787033
0.59661705598279580
0.38976881379072081
0.61381467461952266
0.44190323407201804
0.96002587409534523
0.03834610255256909
0.96346971808844450
0.11842254404473718
0.84390082293376156
0.34300511113924081
0.36497100983621589
0.22866332055269833
0.11779238152641036
0.97030409871021661
0.34880093205598950
0.36340086222184520
0.80146605728106313
0.03406100746722540
0.06657738801943347
0.87655080626950599
