0.44645286735593082
0.27219084384775971
0.03746738204358724
0.98188532964550401
0.57304626631201694
0.97950005730625944
0.36854240368221902
0.08135043682465815
0.38393663767350594
0.58094187312061407
0.63892147914827857
0.11894951112544161
0.12314766425389922
0.89954014502198276
0.47229376323188832
0.09273267006649133
0.28959884516084744
0.53210534834602308
0.73688757509224245
0.19336750385282253
0.78185829346704716
0.41906096431537587
0.14501057428033459
0.55287483035294771
0.35755861575894932
