0.19110317647998676
0.54019567867108587
0.84793658647026426
0.69016048620487946
0.25693787282973657
0.19285880827429180
0.82638362129086629
0.13902484625038769
0.45190099825343866
0.08719839315107147
0.66365058491541895
0.66139228251745796
0.97801180018606348
0.40635436121610458
0.54615871191387100
0.79114856354184082
0.52573034796758245
0.41813132358303717
0.78396747374846132
0.12234455695874258
0.97150225844020544
0.25595357228680238
0.09654712030361445
0.21815002031525033
0.46299916395171470
