0.38169810134902526
0.54949058405937945
0.95980155674726431
0.86475040813435533
0.71014075367128948
0.95464006349936514
0.84134386135102179
0.18297722398279026
0.20334359776884381
0.18142354287393392
0.68353725615674721
0.88493321829784777
0.72923146248840198
0.12061704215685909
0.37627913686160752
0.32232564056065371
0.08146800080210481
0.90398323428239125
0.96218387758750734
0.52667160428680238
0.99465174063787209
0.54675423774372522
0.23733776970411857
0.63393289456618818
0.75775357429783163
