0.70548147087612467
0.80199593270433878
0.10976472312645635
0.75604712423289422
0.08907072151502293
0.90545180170892248
0.47564334647309259
0.05760138743286325
0.22223607313276561
0.53131280201156794
0.64243281318176682
0.24940377774856548
0.52159304398653206
0.61898983265745089
0.99781518427620386
0.82345650951709792
0.76023035674969053
0.15557045039852080
0.91321049687442846
0.72424977525360801
0.16254065880933155
0.88832298559787037
0.40302103906915898
0.53629575407698427
0.13210690979433604
