9685255020514030040
15916060053150557529
7708558163610343633
14624216545720867070
9027647774033294910
10862996439117354624
2303606003487697776
3130726489466685483
17477305003840207096
2365465182105920098
7397006247262475772
11410893651992809919
16260459197998604384
6208565962990512341
8382344121255972003
581501684781865
233723811745705803
9823730320020017824
3213833046166031282
4103431709272073914
932802291962204192
7284611049537763939
15184185547743379361
1364475324726985212
7207458252816570003
