0.31880925195470311
0.75513833085088844
0.95338461106112404
0.82439678772247682
0.34072183142374046
0.05235992869335349
0.54675781707903892
0.44105188911652282
0.64015541813070886
0.42321543370280701
0.53903327982697913
0.47225757668164470
0.08299542510833502
0.96918844248915781
0.49811061677729140
0.09832149773034426
0.70583036957861667
0.21019936823194796
0.96557860960178876
0.03465912258066595
0.53386945453539292
0.92528530310825385
0.03963320819768945
0.07449519891475809
0.92918050320976364
