0.53817890532755019
0.25253082106854297
0.90214480140953579
0.09502412527296367
0.18727451271500783
0.25390484519934409
0.20666346435541605
0.80959819493368645
0.82001488702002401
0.86618331282291006
0.43053454286185289
0.65864431533474577
0.89654956828002497
0.56987760808356691
0.51798048232861460
0.10711739735751291
0.01609721296396749
0.01787610918934501
0.98489623190746600
0.77691999190915018
0.30650860957405757
0.82783852891282705
0.67208523522235797
0.41705353657339261
0.35752275917887932
