9623621866472833627
3299677307310726179
13987723278804571102
15134264597945641975
15873931748191603622
15261853763010552567
480034863129593494
7217008700368406816
6837991504639399553
6662095864235682713
7244503863730059181
12552807232905178525
3727623563953527119
2853972082291314451
7264891888060067092
9114042188600417297
2038267025477708678
421090065794664016
9959560187353054205
11277195955439011761
14196257989609776373
13634350470172402541
649737995713700161
11687866415124233067
15300459814347911356
