3525231388199268046
9964851434169362775
15641669201351852333
12731213858808362210
4739667182933481499
3557617078596478036
15244087168657925496
2564555758667720982
8336102061435050131
1608526442096521610
12242192494302382163
12200534167926149459
18041133379100274951
7495914904589209190
10074849982302043592
14594115075939277702
9698013180740260622
7713161515337721982
14461647350350475586
2256858731029305127
17921053528477303790
4721510042726360092
1780980019294423164
4024157594429963755
8540827083758769941
