11391664651499637175
9801585209992298028
10068455791241700091
9840022847192773675
13011609352362506812
8865502134812357415
17415539785726271021
226632115974779537
7193209059203206838
18394462393837903883
17036746939682476220
8476740382580656219
3104135535852904872
14923284232974935909
8685403470349983983
13276082172067905654
4575746251815160499
12765560347957619818
6247607733972702976
1323307498218515778
6487850826759600985
14225087513834766455
8571110365368296212
11872907728701247132
7964575783656570376
