15783756613609554394
14067419930581793725
3205586811231681065
11064160940547744571
15537165924098165090
4820133790460017866
17926579434136689893
7790998382172088725
8909008634331073063
12417144890607242030
1221929062476412434
3082575840654791056
6900000803382964828
5727383199655190101
7542042096526326850
3037672721464889222
10754777978356843083
17180805558740484858
1872574096629970424
14507251192831223542
18396004738669449697
15456937920721170482
6278307102557060842
1759375847750842373
17435201776824668989
