0.52503872671587248
0.86281134435177931
0.41788177538586024
0.79278036748845115
0.48938976645204124
0.58888421694966664
0.12487873167660057
0.16971702306688485
0.94744660271776648
0.12823212446890286
0.40099251215854115
0.61858578437458278
0.88148125940409949
0.33656703525469356
0.45440778533934101
0.00003152326949718
0.01267019322281426
0.53254548774387112
0.17422223853294583
0.22244747869193437
0.05056731357224398
0.39489955628103768
0.82313634791431844
0.07396835556859305
0.39071709479011507
