5994453936454095000
962756590754728917
13325416347451527462
3953826991858891919
15285373874679930485
823709959405065006
1128773014059945140
2831329268438337717
16482634096762893617
15440355080551173231
10724126415144220800
7106686978518363049
2403227761948286781
5294335559096878751
12282079034962280382
11222616017645780650
15748775361539674067
16524210586260486062
87477149165844029
17613213654545742020
2907061768495785443
9416638778110775137
5276037122012070625
15754562906415709045
7635527761782247208
