0.35879301652373585
0.75111876374527975
0.00144719697173967
0.97773836483914678
0.71824271685891850
0.79779175129687740
0.23785574337707649
0.99107706124524986
0.44583908621226942
0.37086684695951533
0.35668702690461196
0.42869723484510935
0.09939431434601687
0.34897620993219780
0.42211974952541897
0.93248301632437958
0.86127648606121010
0.89111091550555943
0.90179100526963252
0.49433451254612937
0.80597034789483513
0.99215871908194209
0.67181242505787020
0.20822358229867821
0.65318497072425941
