0.87925496816117665
0.74172114106222653
0.86989930021227224
0.93584675802088368
0.43513185956738176
0.98631023167707055
0.95419477804625175
0.89008951415342874
0.50813318828171583
0.81086412192880675
0.75660954888059895
0.52080030872798411
0.82752416399684858
0.62730263637373695
0.05782242191350384
0.11115242520107904
0.62756568021905579
0.10730072161415449
0.24973762539930233
0.70407360136125552
0.87060468359815923
0.50572932702494511
0.83182068078937765
0.30079000555012081
0.62781880280102864
