0.18516315795934324
0.01185799305914281
0.39613895280951084
0.19304576163672638
0.98061146109703456
0.61436472598443326
0.82384785308050257
0.25354612497845685
0.82908321808214069
0.56571578086290419
0.98999268645782224
0.40645338411582965
0.97147994699580764
0.20785092290357221
0.93759010270094956
0.88484943810980876
0.69686590416785210
0.77150961061660517
0.74006402749624700
0.54010954940998579
0.60411252877658683
0.74142663344334270
0.64853222578231817
0.50532195170433758
0.49870880068224743
