0.14729654489407829
0.56101668897477774
0.79963692507300099
0.19751623769676774
0.27981448638851469
0.18677151412372084
0.50622627146245780
0.31077675600096588
0.28897281161790522
0.40907908270236215
0.68365785243973243
0.24809779412508093
0.80819562549809498
0.53282074572037808
0.98073265286542732
0.88782974130045866
0.69280094443584928
0.16602889658963715
0.52112829741603239
0.72916824974198480
0.99315190990283309
0.28203388528305162
0.55262121971263711
0.56007566325104607
0.61993914154797103
