0.81035374817851780
0.93278452695941017
0.55999315949898398
0.02993158376968219
0.26759575892063125
0.55127825774570682
0.02899278858056931
0.31508076274721275
0.38269381810049630
0.39268854560204303
0.24890127893967839
0.64020313408746721
0.33968330927887636
0.31986665967194339
0.36173945195653712
0.51786500259693480
0.09348016554913574
0.93594319013247074
0.38229073342723319
0.68696387103486967
0.92957677672937944
0.88099406682639514
0.17803347896430877
0.29196541228126771
0.55880989328679076
