1253455774784225371
5490601959998780453
705950235847970991
16666905896268418353
7722419046138741201
6078541296818902212
13008461038650108279
2114120349619728926
14552969584715159643
7511676410538466068
16588892044287796399
9639190785150014076
7671935538444210119
14797518916203638799
4687766571434754760
855403176583528536
13529062508651311891
10303277267144155214
2119414581821708590
14079724310337728460
15807563883946943953
11715448007056710399
15714125312354406919
17899478819423194571
18033581199073644877
