0.04646341513654872
0.51816818990055891
0.20263710963496184
0.12862265266051465
0.72256111337515427
0.48261498488475130
0.48599545981145875
0.40416429425670308
0.75277313487300390
0.41163165140956093
0.83311085758265901
0.00932886747741868
0.31447355337216798
0.51875398622609137
0.18400353943462722
0.12855068821486404
0.17882184361195674
0.62689542779503060
0.24117922644039902
0.95665321814610371
0.68668451247477413
0.70607738698932787
0.23475481505301909
0.54498437583266568
0.72848177863646402
