5880992679139194009
13929843529454547924
17586841924057673738
15207436558304790191
6285208424599348930
965870204323973093
10085901521957133519
8135971321758618614
11808783165655712786
7806946793559671421
9943408960180547740
8711614653916563730
1530995366262184173
17878371157794660610
9188519068088307874
1813711505575476144
13020272187068569838
3877493950230179193
17811781494372506880
639347964064871047
9848153196585310339
17068501181602727785
731103648442822793
1374193869100627909
17140354940991164703
