491169301236786789
2567166609726902392
4931594518934182517
17914551576633153749
3662033621731451246
1987591818475966517
16113794470923253250
3697280546439747976
17331419665137055862
9298312924724650185
18156478209007500534
3583424485801555003
4329432381537456182
6552773958987678643
2556014604215573813
8989484226209677770
17842389838696648455
10313439871318748736
3615952667527029305
1380458841300853028
16886199580676545214
942929961138696294
950200781672099609
14765315741176388287
4956198656055894562
