0.18516315795934324
0.01185799305914281
0.39613895280951084
0.19304576163672638
0.98061146109703456
0.61436472598443315
0.82384785308050257
0.25354612497845674
0.82908321808214058
0.56571578086290408
0.98999268645782212
0.40645338411582954
0.97147994699580764
0.20785092290357210
0.93759010270094945
0.88484943810980865
0.69686590416785199
0.77150961061660506
0.74006402749624689
0.54010954940998568
0.60411252877658672
0.74142663344334270
0.64853222578231817
0.50532195170433747
0.49870880068224743
