0.04646341513654861
0.51816818990055891
0.20263710963496173
0.12862265266051465
0.72256111337515427
0.48261498488475119
0.48599545981145864
0.40416429425670308
0.75277313487300390
0.41163165140956093
0.83311085758265890
0.00932886747741868
0.31447355337216787
0.51875398622609126
0.18400353943462722
0.12855068821486404
0.17882184361195663
0.62689542779503049
0.24117922644039902
0.95665321814610360
0.68668451247477402
0.70607738698932787
0.23475481505301909
0.54498437583266557
0.72848177863646391
