5734740683797350870
18127200764551528988
10448710687966622280
4652558909738286350
8547066031569010520
10434804181086473765
3721525341664404136
13524253064458840056
6508814854585101314
9600568254337593847
10145134237766135709
17883196949839136828
16205387020497169448
6122601215094743100
16761762259122495514
11850583390167381725
17613713067338615852
13850006807025926580
7938202123803375364
10741856250016756071
2934118945009294238
5817808909173899228
14660213754240753686
18278313603509213860
8268488563564926272
