0.53817890532755019
0.25253082106854297
0.90214480140953579
0.09502412527296356
0.18727451271500772
0.25390484519934398
0.20666346435541594
0.80959819493368634
0.82001488702002390
0.86618331282290995
0.43053454286185278
0.65864431533474566
0.89654956828002497
0.56987760808356680
0.51798048232861449
0.10711739735751291
0.01609721296396749
0.01787610918934501
0.98489623190746600
0.77691999190915007
0.30650860957405757
0.82783852891282705
0.67208523522235797
0.41705353657339261
0.35752275917887921
