0.44645286735593082
0.27219084384775960
0.03746738204358713
0.98188532964550401
0.57304626631201694
0.97950005730625933
0.36854240368221891
0.08135043682465803
0.38393663767350583
0.58094187312061407
0.63892147914827846
0.11894951112544150
0.12314766425389911
0.89954014502198265
0.47229376323188832
0.09273267006649122
0.28959884516084733
0.53210534834602297
0.73688757509224245
0.19336750385282253
0.78185829346704705
0.41906096431537587
0.14501057428033459
0.55287483035294771
0.35755861575894921
