0.02662634117295559
0.13916638076990784
0.26734227456230231
0.97114978692446419
0.19851924041981006
0.10774756838030297
0.87353054861799506
0.20042998003691836
0.93953814265997948
0.50406255367182562
0.98426465594458257
0.19425783062218993
0.23469899968460017
0.35522658810704411
0.13856182933976002
0.48732091637903541
0.96723789127240967
0.55909269571412035
0.19602118688687808
0.07483482373826045
0.91540271351966618
0.05111633561841245
0.05151048758931565
0.80042937020089278
0.26867606750827699
