0.02444647551565937
0.99828101588991591
0.24369759975026095
0.05995703884548387
0.65834412158646638
0.86934752453438535
0.60738211623128391
0.57546581186530354
0.13636584906964877
0.15707466039433149
0.53163858545223386
0.99207616459580572
0.59643501620021844
0.92080467023736223
0.68094411558327306
0.20771146695924259
0.27385455465066577
0.34232211770090393
0.14930394374198819
0.79176090786287268
0.82142078703711940
0.21127613517433419
0.39798453670944500
0.35151920868843234
0.68820577334044808
