7041087189006321133
10136312175056559967
17705213678864799818
15951829466490335543
13099784739285493871
17610000933882625714
15520054888328873652
3375334022128362127
3751027307069199402
3346673664341132729
12609036829169165617
16324136600264544891
13451946159020479381
2224991707595416671
6941124937962405233
5945858599816874257
1502819360993192827
16675547369731495381
17749159741706229054
9715376295168675441
18348086102016557882
10085835494874648404
4378109096756892200
11693997865968373817
13978086256010756519
