450957877341575762
18415034413764058017
4495427253970370448
1106012151000104752
12144305523336670088
16036631296198742705
11204222453066604371
10615470554648743998
2515505918181915605
2897516060759075345
9807000925546324569
18300575109926181042
11002284100444240609
16985848093745140008
12561201828663135190
3831600272171925651
5051724883060537664
6314728495998853241
2754171639403985832
14605410834914342061
15152539035298818901
3897356794443408391
7341518893972997092
6484384879668410748
12695155770860610475
