5549376640936202084
8657692435821136884
8976795837337919669
16614505971710644691
9961770765355499830
7207584662724914098
1576699055550981626
17562111622399276314
9551584353607565769
14348816625607785116
12170176096775268693
7005331496739754836
10049945312006872895
14879220429980450545
835726499689948972
15724033386191759497
9956824682483939079
1604487028817873306
14136964141059598130
6106127400405744507
16175602071786078726
11706241378965163797
14683174766744466559
2148176893056579413
7284813313983936970
