0.35879301652373596
0.75111876374527975
0.00144719697173967
0.97773836483914678
0.71824271685891861
0.79779175129687740
0.23785574337707660
0.99107706124524986
0.44583908621226953
0.37086684695951544
0.35668702690461196
0.42869723484510935
0.09939431434601687
0.34897620993219791
0.42211974952541909
0.93248301632437969
0.86127648606121021
0.89111091550555954
0.90179100526963263
0.49433451254612948
0.80597034789483513
0.99215871908194220
0.67181242505787020
0.20822358229867832
0.65318497072425952
