2717141666602731029
10348931282597634924
14750697708709709401
3643531487194257476
5161666218525413995
3445326321299506558
9338226473056176243
5732819282007498424
5330607500175778876
7546177144518337479
12611261437937634192
4576596513477250055
14908577865054967020
9828807933466889428
18091324252138769002
16377568018797320197
12779921716032383937
3062692564229426933
9613120332001543927
13450780089665124675
18320419108293410644
5202606901930410272
10194062209740231871
10331572421905182235
11435858685410620493
