857098727814435521
9558515986232942479
3737994901272363494
2372669155710150798
13328899936046102770
8902675112306210550
8965033868126773893
7455515299884841700
13886213364566345923
7593263726190596043
15368182774855995849
172087230853494887
5801013157006422868
9569322021129356885
3394266200607291851
2371341645998829470
3298680783898678504
11564179517513594361
4448971466041284685
17647137082431808991
12667093461002171666
13024828854025710187
4330461993354063496
10053187305155524264
13438116932867584246
