0.81035374817851780
0.93278452695941028
0.55999315949898409
0.02993158376968219
0.26759575892063137
0.55127825774570682
0.02899278858056931
0.31508076274721286
0.38269381810049630
0.39268854560204314
0.24890127893967839
0.64020313408746732
0.33968330927887636
0.31986665967194339
0.36173945195653723
0.51786500259693480
0.09348016554913585
0.93594319013247074
0.38229073342723330
0.68696387103486967
0.92957677672937955
0.88099406682639525
0.17803347896430888
0.29196541228126771
0.55880989328679076
