10955790302035514347
4320155602184612817
2211034967422129911
13485936916606204117
6880137417617828538
11262687624178683117
16755972497996788019
11704436040563395764
517242269964951608
12916013312605236658
11740030563362324271
4181703254807947245
10880566207036180443
777895347470597490
5314135445364622971
16906271294306787853
12761308897544819243
15002660181435888936
6376220821561889811
11722565711840446142
11311862486460353410
6220017514068609833
3175731125714602936
13586849201273451236
3830249871549975467
