0.04555017619547252
0.21606271295276891
0.84877607991158455
0.49274254548646590
0.68730760611316433
0.06661007283069609
0.85897372533930361
0.89626581872334377
0.80466949508662478
0.09767890382743427
0.99254863700055773
0.95257791536458292
0.95510704018211634
0.34486409252956263
0.39883227842255453
0.07364985429691429
0.62321289091074805
0.35538208990764397
0.27399079194361031
0.28802190977026287
0.80300307765621681
0.27440977782119480
0.19562823776789762
0.07683141676103522
0.66245667674188324
