0.99043805803233642
0.05274224581859666
0.90141292652004512
0.31063118651386235
0.74598327552067123
0.59625330869201865
0.73919441124300100
0.50531539128217307
0.17675613125783263
0.41270064676754492
0.08123219709322982
0.70345800607777043
0.57958624037387096
0.63369345894394224
0.84705504180081792
0.62724436688473717
0.37208313988586561
0.67978262824213198
0.26538595626679762
0.63311317938353484
0.49468533382374935
0.24698276032520416
0.26885042885376309
0.06731736438632285
0.65539451879016020
