14079076009775221631
11579596936693874639
12991973100175112470
13820191838201817078
15827332566481155638
4320476374532834422
4644319872626547397
1219796716077596994
223327908514748968
4970005164157558419
1721240268148092204
10270379937731905751
13521344235077120879
15000985994424768541
6719325018458134406
9139457490975864112
14126262324298198384
9319288297873989371
906668632549273525
16145412522469805326
11442004861386920677
10165056473492701674
6703799211854983623
18381251473166566573
8388171263897235079
