0.31234333243498213
0.93758254386646811
0.05712607365493672
0.40614939468659117
0.04632309862190687
0.36496098776963481
0.76823578729476705
0.70895279166927783
0.86982962351867854
0.93348644594554686
0.00258297912009053
0.84358186722080541
0.28082902209025018
0.15766207897690243
0.64285680673162904
0.27458284051075543
0.60320068745889610
0.56444215923256558
0.41718219929126155
0.62254004250784278
0.50307346278641851
0.76768387308898844
0.69491621060865694
0.03139567978195001
0.88743637901717809
