0.31088091540070473
0.98267752250038332
0.56642574137829615
0.25221572387775193
0.46333737799020891
0.56567186812973891
0.20174429301962038
0.73315122768650076
0.35284356028235442
0.52044784792240939
0.54996882903715572
0.96945004920008693
0.87849579067957129
0.33190687693340559
0.90865695280130743
0.64242141284200549
0.95484129865724221
0.75081037345582680
0.43033079941283325
0.58231719413975813
0.15905890672549761
0.31538405292159311
0.79473178007248502
0.99086936591480190
0.44823566318943209
