0.61754337816911165
0.53134499892377185
0.54581208212192556
0.53342870741167026
0.70536075636820683
0.48059983373692183
0.94409830353460789
0.01228575162474221
0.38994464445652632
0.99716580445509850
0.92356390220447560
0.45952501691947767
0.16827552458305883
0.80899285930050502
0.47083666557332970
0.71969785665260499
0.24805170134802002
0.69202241311252310
0.33868349390052221
0.07173664322174356
0.35170709805673173
0.77114353931480395
0.46464082393726669
0.64363161765889132
0.43176051837829454
