0.31880925195470300
0.75513833085088833
0.95338461106112393
0.82439678772247671
0.34072183142374035
0.05235992869335337
0.54675781707903892
0.44105188911652271
0.64015541813070875
0.42321543370280690
0.53903327982697902
0.47225757668164470
0.08299542510833502
0.96918844248915770
0.49811061677729129
0.09832149773034426
0.70583036957861667
0.21019936823194796
0.96557860960178876
0.03465912258066584
0.53386945453539292
0.92528530310825374
0.03963320819768934
0.07449519891475798
0.92918050320976353
