3415657386755860706
218741363189832330
7307473880104353663
3561065759427029166
18089088658603387591
11333028868149536086
15197310501451098673
4677100478358369252
15293885939768770829
10435614228036748138
18262141721931629039
7497741554677870597
17920641954972584269
3834172780286530489
17295484670567470910
16322591128577340428
12854906987878573249
14231840337451824393
13651771713382016575
9963262629732590391
11143909210063194100
13676907356561407986
11963307992559643791
9321544717917333222
9199553613492045988
