0.87925496816117654
0.74172114106222653
0.86989930021227224
0.93584675802088357
0.43513185956738165
0.98631023167707055
0.95419477804625175
0.89008951415342874
0.50813318828171572
0.81086412192880675
0.75660954888059895
0.52080030872798400
0.82752416399684847
0.62730263637373695
0.05782242191350373
0.11115242520107893
0.62756568021905579
0.10730072161415438
0.24973762539930233
0.70407360136125541
0.87060468359815923
0.50572932702494500
0.83182068078937754
0.30079000555012070
0.62781880280102853
