5046571652874700751
15474426020343880500
16393081318348613202
3577131724160727803
15668465434915184577
4279954454443343984
14857359344669128476
9682531794057014271
15806675403731961936
14673918829972936701
16699018012162388018
12896430127641075240
9592293627500878028
6711242008120572158
10305725377521725244
13257422022505088129
8280756990547617262
13838377168411005363
4072208404856507982
391071612800053748
3369253734187620064
17272476946929706488
1616364828815357452
8636799187841379716
17709954845524474185
