0.27357519748252557
0.83887031546115265
0.88867071895425509
0.19391669933009392
0.84938921320245375
0.23201679588232427
0.80541906394440388
0.52489110031382913
0.85688159062496905
0.79547473371663036
0.90525558035805154
0.69911687808479817
0.51999927950276559
0.36381715826401517
0.55867449216740239
0.71868628791785927
0.44890073594881263
0.75017992948325074
0.22075485996795774
0.02120003460976139
0.18264761091305570
0.93634285150334895
0.08762331294653847
0.46820182213893313
0.96005857590689103
