16973656702781498429
7107513409464839887
15251844460773823129
944410801016776525
3127733584230799612
14119082670012940076
12272422447689386641
2979428255155057115
17363942624440817017
4505555733214978180
6330943447859188581
9520900210183714051
1904921131120021078
4893240071110794059
4070301720050007066
8702612112529588486
10819222383526161002
14816230859093643259
7156939467731991803
7380965924953491678
1205123060682610225
12643052490511025831
4996157691750724101
8364604210856271886
3636043115532112026
