0.88215962787257063
0.21375148414314615
0.53663132826463034
0.07789670207232680
0.59330598990245409
0.62857653746780506
0.94982177452073080
0.54076657901599423
0.66098641619347587
0.55992939365064209
0.51213541792754380
0.84075680531449726
0.17007488472409149
0.43869575438537611
0.96213733007077840
0.73830034828500690
0.33917745503279073
0.18317088591961161
0.24477771657055547
0.84300740036606137
0.71337757473980490
0.75530411915709250
0.25095134058134849
0.68868254834511988
0.27566377019253341
