0.30083231050216697
0.46933444738142971
0.48663307744003037
0.90067417346510348
0.54002867528005105
0.39072394748497763
0.08547302706921089
0.95204397872191115
0.51779242534299386
0.77785090790400424
0.65974656818274513
0.37975978138731870
0.54480862703191801
0.80660415575377520
0.04530482432837746
0.85240155787718541
0.53976054759031900
0.08697941611845750
0.76636636170432448
0.33101382964965864
0.87688114537457473
0.63459661673568679
0.79597649905443457
0.11645290271675524
0.39491052105863556
