0.88215962787257052
0.21375148414314615
0.53663132826463034
0.07789670207232668
0.59330598990245409
0.62857653746780506
0.94982177452073080
0.54076657901599423
0.66098641619347587
0.55992939365064198
0.51213541792754380
0.84075680531449715
0.17007488472409149
0.43869575438537611
0.96213733007077828
0.73830034828500690
0.33917745503279062
0.18317088591961161
0.24477771657055536
0.84300740036606125
0.71337757473980490
0.75530411915709239
0.25095134058134838
0.68868254834511988
0.27566377019253330
