0.59391458233812633
0.23419610446819894
0.11986044575602450
0.73107410514934557
0.37297299675900286
0.61055151950800657
0.90834308922177420
0.63449874914482340
0.02803975963986682
0.70017848466891464
0.63642833209218252
0.22669058767762407
0.58983667597704958
0.04216979128469933
0.28807985973732742
0.91649080329583710
0.69179194152383461
0.81329583808872818
0.34565562334923550
0.63548156059407479
0.61321729413387971
0.33718782508255363
0.17215672928648040
0.73654457106268090
0.20763826159484033
