0.32495999903839079
0.05219113936355069
0.72237226765904017
0.21433739071026181
0.82862177810905757
0.04465340637424597
0.06119090770434010
0.15348666719313198
0.89352538479969901
0.83702332611405883
0.58135605786542743
0.38525427306420268
0.13027923802409036
0.28700650575200470
0.66581283861723850
0.60837923336510868
0.85374282304837490
0.89577925081157950
0.00474214575842236
0.95481422543549221
0.15759213424763419
0.51047701103694731
0.28601454548998284
0.85405656648477268
0.41392278936988458
