0.52169758674044253
0.17887586525437038
0.75827599835029891
0.82043012780315616
0.86052756436379785
0.82734675030060556
0.02602274207369426
0.39123482558931066
0.37068826223837292
0.36115294046555102
0.39272534138178794
0.68048904363537732
0.20207487831232862
0.15471413659166100
0.39383057839535207
0.49407321705025564
0.11049467685642489
0.02282733820733185
0.53990883960641589
0.61133801772158591
0.76958068767498089
0.73911962000948384
0.03522236732495854
0.63360050794990286
0.82943958853715816
