5988133008228288507
1793282484352880691
4729274240605748489
14739362196892084633
11187543015479040311
11005642141724679364
7189965555910780983
11322882211393636997
8151675864271084797
17709351603576142009
707360740011463108
17772879312346627494
2184510362550864650
15567222504251980399
6327327501159877976
6732526812772007867
4218093753280237519
2172885915850446233
17898951382578776064
6434241526308193537
6703562701571764518
14784439242428812143
628314687640617465
1228136037890546966
16169508390857339359
