16272972887524164250
3943018923364204418
9899100774432454819
1436940527314211577
10944563753129474506
11595190517407103724
17521119190220582781
9975382686723481408
12193047255719517354
10328874224020763423
9447230985591683989
15509225615866176376
3137327871870970266
8092508307369979686
17748301091577860096
13619237574344149304
6256719708562019705
3378906454313725704
4515351892524049598
15550741766795937167
13159493549148789009
13932901783909509011
4629235154658455964
12703950717352533352
5085099019135546964
