840252442790258541
3985653569711097203
15657155122015445637
9089495630817022047
12678587509883511453
1228738966239005207
15845268477375016650
16533186180003281970
14843532239784053702
1801857740305169097
18309290687458530204
17571961014998219591
17618615133237726406
6361619655104931505
7357156968395335792
1358600013281176047
11496248702067237190
6555642460906347814
5054238017536778977
5313066457153102882
14812792263925349500
5061966942791080376
3608704035695206938
1417289481811334197
12220168775777656875
