0.04555017619547241
0.21606271295276880
0.84877607991158444
0.49274254548646579
0.68730760611316422
0.06661007283069609
0.85897372533930361
0.89626581872334377
0.80466949508662478
0.09767890382743427
0.99254863700055762
0.95257791536458292
0.95510704018211634
0.34486409252956252
0.39883227842255453
0.07364985429691429
0.62321289091074794
0.35538208990764397
0.27399079194361020
0.28802190977026276
0.80300307765621681
0.27440977782119480
0.19562823776789751
0.07683141676103511
0.66245667674188313
