11598073713960013097
13427365407819701161
5387507323604571150
2921604408659070447
10298417265060023557
10154149036114350511
17560560478930536360
832469229666242994
8784637494353247773
4451165933413654237
12117564676851458827
8258237115233582211
4115544341380054633
7100678134707346563
9453296443408217195
10025007251876752858
10573973323188974342
9897649726690227439
10279470628495236762
1145655589282036777
11391990746267221366
11892499042700160787
3712423922904443642
5269632193099136454
2860906883983782430
