4605274812857462778
1240268636066630774
4987941514604591885
6001862661507697034
6771576329225021199
2289308166936488222
10830329454962848768
16923640932292051662
17820630640013820371
16586381822247804615
12110752961370718330
11308762056286588174
387327109896408824
16304779652438748496
17456408674496135496
7097739010496447744
2771220806401564893
14009615808466383745
14711968290188531675
13602081796675777002
6072664382140537069
17587712460581680616
11187115498709775645
5609128035239900198
5848936964697775251
