0.04962876138168992
0.01682651911814721
0.66672426115962991
0.20671924348734877
0.11785262521693708
0.72398915078203518
0.07997422822483258
0.29668591940677991
0.45460503445976896
0.51807355176744763
0.62550406567631067
0.18081137268734998
0.40883608011218553
0.94030541676694646
0.06043872841409408
0.60764372730128013
0.47880550317153309
0.76247752208221053
0.94276010201881399
0.07398468067256871
0.18746839495674431
0.60588281998749249
0.54041972095601265
0.53220934344175830
0.84979926445432219
