0.36767910090659556
0.68366641513626114
0.22396168207530376
0.08319206496384299
0.09891197133752729
0.15180116230032248
0.81111417160012389
0.09656636600845349
0.11285381669892344
0.37558850033253821
0.57588132982461393
0.80322063105789931
0.47377901703448144
0.42725646917752386
0.48860851050530535
0.02105929609454056
0.26722439272325721
0.56481892091095787
0.46781170711930758
0.43219985443992920
0.93368576764872879
0.33953950762838336
0.30489345482913122
0.98594374206344415
0.97594554441883474
