18138512959664189719
14560255251564464585
9711215758524788932
4067313279973009562
1637998899330119734
14906822404888015184
16951560019750402890
2597281670822114690
3862116425865745418
738039991381048715
12279985351419126452
8427779215657620878
1681158950539327486
7271011680117884776
18280092762700583335
7028247388363171456
11869527576310676779
2454534255885551145
10485515316249760023
7264335514652396116
9289870226454559465
14238012700881396811
2702083439922671201
3336749877200218169
4339162405338148298
