0.04962876138168981
0.01682651911814725
0.66672426115962991
0.20671924348734871
0.11785262521693707
0.72398915078203518
0.07997422822483269
0.29668591940677980
0.45460503445976908
0.51807355176744763
0.62550406567631056
0.18081137268735004
0.40883608011218564
0.94030541676694657
0.06043872841409403
0.60764372730128013
0.47880550317153314
0.76247752208221053
0.94276010201881399
0.07398468067256869
0.18746839495674428
0.60588281998749249
0.54041972095601254
0.53220934344175841
0.84979926445432208
