17477714687721550559
7153566031987941233
570242506816486451
8871822793729373218
4046789542488806938
12185546657665519680
7313101268865899542
7917419984130182547
8943910712011921969
4414588106280615017
8909670998168735649
18178633747552391271
4116637899948059694
13313665288156229522
7224514063677339580
11890430038100105304
16636187681702323172
12970859472133735757
2503561042379461414
8766274138419943273
1936053404936457131
15644892190261657744
2994431123376206731
1104780194580859361
10154572309486991081
