0.03917715996488905
0.31310229180252669
0.18545156175730920
0.49449997051208849
0.86428941515338131
0.72391668280268617
0.19052056816326762
0.06003147119310655
0.25660440781575039
0.72580169389996052
0.24370744591249449
0.11202255709465148
0.11121497046069322
0.39854301136830927
0.47152538697137314
0.16248827361593332
0.81916422805826494
0.07994626020254102
0.97860748038189671
0.09133419667112715
0.37123379940874390
0.72923379904434793
0.04579918233665822
0.72184252461653187
0.30369798557283428
