0.40304704774981726
0.52089885956757420
0.31097434752359765
0.05371102197839350
0.09223879654809453
0.61724353204086657
0.64142244536951420
0.17368217091165239
0.96779427764559844
0.16758221589888478
0.99118462940196206
0.29076694327088137
0.86022870598835743
0.65041960878855776
0.32509313486179370
0.05331812442486317
0.84636477031737767
0.65152491400717227
0.09935873711829235
0.55774423712517118
0.94528286134873130
0.15537062779089583
0.07442785744584912
0.72936150441118686
0.03994238435119868
