8648621905784193096
5082080859230166579
8439554107352816679
7138317348428096981
14722002632363791566
7482433473197374262
12444994116176197484
17634562203632813838
2913351223831901490
12300831445068636379
4742786927228216756
1248575947390139125
1442444290925850964
10986373872493015014
17945403586661359454
14614969878134873950
10688712357311284319
12655550127160847493
9206047686707005846
16847185678592621784
13569117764736311021
14313413810855780628
3570426477289499925
7933106428136009212
4871520188415221176
