17510309101705099341
16377399996956251573
6814579954503960796
3311031342083226356
18302672152673862627
1579932258495560778
4537769425608630709
2922286121151411158
9910757773430706699
9418327592706371727
2363782042042797482
1775229427761740475
11053938075829335001
7369674163712199895
13236368627510103313
2805391326322422405
16369988641542530765
17983237312569433620
3736839942049957855
12916955827457524952
10276772971731376595
9968331222317732286
12776955414045528447
9286387136965153178
3217228027863723070
