0.99533126431613872
0.98916213622356253
0.17714003156516001
0.65273350960334497
0.88905429484066545
0.45870502869837915
0.60033768698126200
0.59744536588471719
0.54035216740919667
0.03596727171549947
0.99518907096982290
0.61851523812589138
0.61942911332811434
0.37163764086769291
0.97046079601675084
0.08470738758091739
0.07741788796390379
0.09130123223078535
0.81359712309660215
0.95638927005844243
0.88143134018440172
0.21993116784380504
0.34646472663929107
0.49658099894203922
0.91988838310204846
