0.18665507656089642
0.50186730088089437
0.03670810034934358
0.33554463347073271
0.70000128108073556
0.44087293165266461
0.27452596285271580
0.54231396916188490
0.96014216319206513
0.97191646369188567
0.76089131017571010
0.13461803997592414
0.27984510663040718
0.23899190477997878
0.85968960889701262
0.80257905721111766
0.83410132834532857
0.20038091457133989
0.28199167617593390
0.65945224522914525
0.00617945259582731
0.96456115494245986
0.98117263707926849
0.59037889030022128
0.98909039384900022
