0.39957140567510485
0.99546324252903051
0.69738064321616855
0.89072464525176731
0.86367130462354746
0.85237774576242387
0.99055838395496065
0.37961964855565233
0.38300237718843844
0.30968437284556216
0.23952787743185844
0.62924222895659254
0.67910726946371003
0.65797601500965086
0.65662332998882744
0.61536422898908716
0.67915880669902584
0.39488916812760111
0.71976659245108110
0.53756567067066563
0.02526731870119747
0.77958210606767697
0.39043056416729993
0.81356051173515376
0.35016083437831103
