0.20511154502124740
0.13583796927557323
0.33389095872442531
0.71591653970142433
0.49829867747760759
0.55858320677639994
0.77559654865552508
0.77352122418022395
0.70239772914476062
0.70555805474152822
0.15941249284327486
0.90828013741213998
0.67960608626576435
0.80607823514589605
0.19512646871801043
0.69811607483777427
0.91508197327010687
0.30686127727997825
0.10692206502062673
0.98767603660462522
0.64758947698058844
0.90304593072320938
0.99758644523830398
0.78232463958104581
0.41687098152998414
