4260619754810754730
18273262277284543527
1127515945106763562
12912245557127720634
5690528185899238720
18241085498320003024
635979690389322156
16050924034843842448
13917893121559308685
3741523767796638698
8413786807655029427
4322499754572226771
173531327350583855
6149602779851766572
6334137759208972837
3325503846441341931
3790615746685307816
1947239340574639008
11042955123201892805
12657622117652196929
13846160112701394174
17361059859685878495
10840063607378256686
11848808039634360447
1992619572908321074
