0.89810213169831876
0.10068976445538336
0.93122706393606924
0.79551706233596675
0.68652787223790968
0.23105378846401059
0.27643859120257297
0.87869340840314492
0.64779110518638416
0.21639797406857830
0.95582692419665893
0.02893144368606670
0.69699417940632225
0.74619386497428508
0.12865128134946147
0.31936613587235285
0.41682513079817107
0.54325482569393080
0.51277039060261409
0.20480931738236807
0.50537070687167585
0.23678001505333868
0.46859140719793169
0.44997485075083066
0.36400995471604547
