16286853054464541875
1864050150101849084
12429420517723350881
8123173489535921913
15342528638637363106
13796291650962862364
3206115350550813356
15788106679867495535
2395520665268204032
15522474513418839708
5351439822145195975
11876979388011453235
4834629020875826518
13344878751438639530
5685409589967284443
15582367100542205051
9372848213018441607
8548219493672703679
2030919209769699140
4513272175592389623
9275013146930073527
12612053775054486142
9861075668324521981
16765429679337080457
3476596745233504535
