0.45307779540875692
0.61965097970680849
0.36483531456798890
0.06075481820031559
0.13796394454905647
0.47722381936466307
0.83027606944822774
0.90088645331222994
0.53416726621909028
0.96349888130144967
0.46995831762259643
0.13431025813846775
0.62816253190604210
0.61363678595739912
0.20785762893701032
0.64214417999567497
0.34135292585915555
0.88977982357289542
0.39354783589333497
0.10232742512950221
0.26336147784260955
0.51614794584806079
0.07178040261064667
0.41975649709299800
0.37959945294044906
