7246990015584396184
5115650740762636892
7469151594670915005
9390432540828800981
3593031468704544685
17997847742030612928
4197074144700204894
10807505723313996658
13462411137841200458
8900555257646098850
17059392666374641871
11611256995762655961
15462189793648412533
14426586291981862439
2824411631750995625
5088952261604827198
17490431763524532571
4597536863877690934
14721390348260339253
4741331467660889660
12507464430199554390
11420442768764147866
11521012527808684177
16706282021181651780
8527503346829191326
