0.98329075782621955
0.78931301878448334
0.52644606114340209
0.22048949471629398
0.08879609825912904
0.80810046181175887
0.91894591002159032
0.14079892150310588
0.20936575096577964
0.04000922810182580
0.66569933980493934
0.45687082674220864
0.09113580932340948
0.39416233298756442
0.99096581432782593
0.38100205436144619
0.64344837923063203
0.13306056863356028
0.56842092427540103
0.39380041733248666
0.50360487408152188
0.77184421510859080
0.14648023679006325
0.18088557329506083
0.23522646533175237
