0.46884273296284729
0.27550015541621731
0.45750914490004430
0.38696895885283539
0.79808136186730694
0.40562353135594259
0.67464448286637768
0.95597153260047307
0.15793308630459255
0.66682940880607111
0.25710699450683411
0.06768543773367679
0.07819506169555603
0.59557252101474556
0.97282227773937047
0.79227910463420192
0.57943625794347764
0.68605874709334969
0.49906084509664439
0.91328776564983993
0.73558334796193803
0.77593171747069301
0.19355320716885213
0.43005456119718904
0.26408563857933881
