9977787977402289919
16049639939716585322
16833165638123653739
14561078999556008568
6580426193867095248
3010813183470414296
3439645863296207148
6629957616435869011
13935849165774213102
4481781971487091166
288106455068332822
5058569517025201474
1711710318240967884
12540255305341181734
6609598646943412815
10050135716061519967
12208947906436515424
8698932135928350070
359104860236050353
2900487923770547651
1826886480354385591
13865777076275683406
7097206815335485155
8859568264967563206
1822494257708105266
