0.62873283586612339
0.72789893729574151
0.29205735722668213
0.15838049235056950
0.55827831859701516
0.55045752223483857
0.95195989106597889
0.04512824736657384
0.47621615279377039
0.24129818875502751
0.65689449739379813
0.44767993106183368
0.22310410579423390
0.38492853298850116
0.51246422705463412
0.54345673208338552
0.57321624244026281
0.53655266680890523
0.55725121937077338
0.06210611394098720
0.61756105580188414
0.64469366491886471
0.20125090412000779
0.28566733359788177
0.15509007294469768
