0.20310503070587849
0.65509284236489329
0.73880205264205789
0.04901344282480247
0.13406733704855667
0.51716256947676686
0.97846878010535876
0.40247425908690404
0.43767283046318861
0.23796902206055803
0.48427078489081710
0.41052181394365450
0.08669345454423694
0.30660347877443350
0.69783392317455994
0.54001483209678669
0.65948268880178562
0.86286083829659310
0.17629048309773199
0.72330382521645353
0.30551196957611848
0.81344433088264545
0.75533315507010490
0.83857505350240691
0.80949759700668789
