16923496784805763429
2498190133719163945
15804497491065057904
2021997677445606108
2079416879606421428
16525187439330314400
11584921917833168816
13927131687341530723
10711264154714748951
12410675726983780218
1599650520285712197
9962026506680920951
14311694017680570434
2676308382908494725
7409156042671584889
16520665683370811860
8043266418976065330
12872436283048899950
4342475077623244731
13216180926674923505
8885191651627215329
9522264489579344557
12130921034331940970
12484323661785643135
3263002066203114746
