0.67366677082326010
0.39821508721414134
0.18741282895881139
0.01702337075963489
0.06266544289778453
0.43382447339695440
0.42199578482106881
0.42656070798892698
0.70581202775347507
0.10764892418534810
0.84807596924201556
0.36382431287418504
0.42180170952850971
0.64835510694133791
0.02113078884067232
0.58216721740832822
0.70344712032404988
0.66126700009100514
0.07556495139438335
0.03876799704991474
0.20018573864029887
0.62388326548485173
0.00341324273405952
0.22465424189182703
0.32277141114735042
