0.97009767998523966
0.31932312467656065
0.07385679146484737
0.34671838645536274
0.46779811005959065
0.53794891693296365
0.16737993183771691
0.07420263143447096
0.52327383365164859
0.24006474883658260
0.65595289906448417
0.35826652969616363
0.41432886577167866
0.41056432802551041
0.32745501175674840
0.19393999208255955
0.62639024398502541
0.84859000265177020
0.81952959500656053
0.85872086845500006
0.52990761872595749
0.02813512813076011
0.29973376843851557
0.20901621008637300
0.57804417587591650
