0.94746881172547570
0.38779559164499178
0.03091290823670073
0.48094247734339018
0.21937690067789925
0.66057980795822169
0.39644401416554537
0.42920419736370458
0.48485037122398505
0.23931530077290558
0.48299423261728180
0.98546571009573047
0.22316338772299255
0.72173524145819168
0.39164169214955258
0.64458150395475167
0.90184954131891226
0.70315170093457902
0.13571831605489432
0.47522067327391981
0.10495366538400325
0.84811130504915955
0.16232843646613465
0.05989025435417630
0.55048046793034711
