0.39286011594386810
0.27731998234059657
0.40490351927828877
0.50905636806725807
0.19477862620891251
0.97566528109864603
0.22752384528833514
0.58587605921832786
0.72979877012702410
0.48250006733335893
0.92479152950833343
0.62944750300466912
0.83820698828284013
0.78206680996581668
0.15311166135688789
0.27587265488534873
0.94815820578613852
0.24923297279491927
0.79804816987954985
0.25702809388559111
0.67803100537537642
0.61910344303202292
0.62455534059414441
0.90564936307603350
0.46227688272548095
