0.99533126431613883
0.98916213622356242
0.17714003156516001
0.65273350960334497
0.88905429484066534
0.45870502869837926
0.60033768698126189
0.59744536588471708
0.54035216740919656
0.03596727171549940
0.99518907096982290
0.61851523812589149
0.61942911332811434
0.37163764086769280
0.97046079601675095
0.08470738758091734
0.07741788796390370
0.09130123223078523
0.81359712309660226
0.95638927005844254
0.88143134018440172
0.21993116784380506
0.34646472663929095
0.49658099894203922
0.91988838310204846
