5605417233762183441
11924772586727595944
17737162793810879576
805233258003614773
7728404710674958443
749764019270728311
3381984527240911071
15157179609390449441
2382124374060385265
14472169347877315841
7822614089770621520
3916946942935534097
15841652359133382961
7790226861514889246
18418019261318481788
10082562427370070153
17927014951752304650
15777249682413383728
5740048357265820612
17448693255097701273
12577081832574636464
10265027530487112353
10765128439843376495
2181615909863691408
2083751009947789664
