0.24965244784964169
0.06723509748445367
0.27039685131824676
0.32536162682831382
0.36708788836485928
0.12410364440406740
0.58711333619022354
0.91743241325778258
0.96605832274823655
0.89914956026775739
0.65652523355766956
0.61304921947737789
0.02099704470061081
0.88388387605357688
0.94631381043417584
0.38476920274576820
0.15022818093688051
0.75946279476132605
0.79753739908801291
0.73737033171407063
0.32919979579460568
0.95343180294065177
0.60645474637736985
0.30407144007782250
0.31707150819280494
