0.94923575844806851
0.88782063281820311
0.36941911956246820
0.17949136871271146
0.99218984551094724
0.08564829935204082
0.24599297347415885
0.15841744805882990
0.53726325544655862
0.51056856185962096
0.12814088126325116
0.09623538011197390
0.59923518381672003
0.39951083694035300
0.71754498108827147
0.15208056853353805
0.88741886243617218
0.97487324813050824
0.20257449917005854
0.70022957850143730
0.55710497910457357
0.54038431836459844
0.69264014088292947
0.50341605542195311
0.17440628085955517
