0.20511154502124751
0.13583796927557318
0.33389095872442531
0.71591653970142433
0.49829867747760764
0.55858320677639994
0.77559654865552508
0.77352122418022384
0.70239772914476051
0.70555805474152822
0.15941249284327486
0.90828013741213998
0.67960608626576446
0.80607823514589605
0.19512646871801054
0.69811607483777416
0.91508197327010676
0.30686127727997836
0.10692206502062683
0.98767603660462522
0.64758947698058855
0.90304593072320938
0.99758644523830409
0.78232463958104581
0.41687098152998414
