0.20174789137687299
0.51851077110774335
0.34038281796347858
0.53704414604729855
0.16384063228178528
0.94079645983430282
0.67923276758877826
0.94168227692942386
0.94916115081393937
0.51249679601371523
0.63909153161817245
0.84167206022208840
0.63856783196410738
0.83219962323601537
0.35190115373730291
0.93598758054808606
0.90668495816046657
0.24172193821797883
0.12891735213629374
0.02872130432927154
0.77840747250674958
0.50457615404250411
0.56058892008065131
0.61972210109331605
0.63216197838918786
