0.20310503070587857
0.65509284236489329
0.73880205264205789
0.04901344282480238
0.13406733704855664
0.51716256947676686
0.97846878010535876
0.40247425908690404
0.43767283046318850
0.23796902206055795
0.48427078489081710
0.41052181394365450
0.08669345454423687
0.30660347877443339
0.69783392317456006
0.54001483209678669
0.65948268880178551
0.86286083829659310
0.17629048309773207
0.72330382521645353
0.30551196957611837
0.81344433088264545
0.75533315507010479
0.83857505350240702
0.80949759700668800
