17895143629187104617
5890471957725761746
1362417330257375440
6395825340591600171
8629352014434282253
9923405995391619096
3087614765685312859
1368796951667481266
9652698489840826617
4428412982907802279
12100195253450373175
6608850983481193363
7643018549240513148
7573575084881128551
6040478797530290095
3577561399604232606
11554860521060247527
15653722602425715248
15117652699916859496
15840604091142992846
9775070225346597724
519001508109157950
5529112116633817774
3855668534720031583
10663032975681383581
