0.43003646256348638
0.86969402183751321
0.90499858890389195
0.78509264997157746
0.93829691677524385
0.69561488018578455
0.73747435319284682
0.52689902495223950
0.52702155410585017
0.61980379859239998
0.36687517009530535
0.38300918774085158
0.01654818458469542
0.79703063195815271
0.68862677492096080
0.37143562659141993
0.34572669917443177
0.86121577960229645
0.74087084598130637
0.26915205734696912
0.36445300983890438
0.25446977049447950
0.45537566520411177
0.41617609919528287
0.94415266856890734
