0.23096865971502389
0.99059553297146585
0.06112276185983989
0.69997423423520877
0.30848415108709759
0.98885122628861877
0.03447652809883806
0.87012233544887463
0.75449049794078304
0.20282840987256334
0.45611229678447296
0.23432318122376350
0.00940715210538989
0.33337063469190908
0.34337429596784175
0.18027592474603027
0.20548969138069861
0.10556005617001329
0.59863979676177126
0.68617106992295407
0.75060184373864935
0.94114494082611577
0.58764102565002807
0.64232517089676422
0.10802012349421697
