0.45079102565249907
0.61224876259939498
0.70044407620622506
0.79424987173641881
0.30403816065943318
0.26649412101537084
0.90194197860079339
0.82221580549616557
0.60079777363598197
0.88946818551551809
0.25355000848565395
0.43068227002019782
0.55845293632812743
0.36769558503170946
0.52675041143978962
0.04512535539586166
0.72156001187438601
0.74956384396823861
0.46059609098779491
0.93947656404811553
0.56500589107355959
0.00648565787459882
0.48350677121879021
0.84790744571494459
0.64344817449920189
