0.24965244784964180
0.06723509748445372
0.27039685131824681
0.32536162682831382
0.36708788836485928
0.12410364440406742
0.58711333619022343
0.91743241325778246
0.96605832274823644
0.89914956026775750
0.65652523355766945
0.61304921947737800
0.02099704470061091
0.88388387605357699
0.94631381043417573
0.38476920274576815
0.15022818093688040
0.75946279476132594
0.79753739908801291
0.73737033171407051
0.32919979579460568
0.95343180294065177
0.60645474637736985
0.30407144007782244
0.31707150819280500
