0.97009767998523955
0.31932312467656077
0.07385679146484747
0.34671838645536279
0.46779811005959060
0.53794891693296376
0.16737993183771682
0.07420263143447092
0.52327383365164859
0.24006474883658269
0.65595289906448417
0.35826652969616368
0.41432886577167871
0.41056432802551035
0.32745501175674840
0.19393999208255963
0.62639024398502541
0.84859000265177020
0.81952959500656053
0.85872086845500017
0.52990761872595760
0.02813512813076013
0.29973376843851562
0.20901621008637294
0.57804417587591639
