12426958512339023235
7345771800129193064
3457156491933097709
314025763674854916
1155973387401091064
8002649033665436841
7784448242778461739
7868656212172088174
13019933840114338800
1985772154257280644
15644240359670636136
6711373987383322412
7780868185525594993
11960040726629448486
389794253819478689
10739089667635056709
12976308998005718757
12198223115068441648
1393927319314491379
715143319830102149
3692775087904103345
11508614930269251219
62963215176644956
4144139305251771531
5954081615745256049
