3783640177570107222
2505768254718919471
6159201064114992920
13206329186007897512
9191988175697366167
10304041459276232904
14307231037500888982
14268948058035102627
12956951147488158002
13015248864961325341
2940641457631946670
16754811242075491289
12536519544279932683
14869518907123812820
3599448030447833069
12877968566275085090
16880282967378784756
5660591448115383826
1972363969268035439
18219407074981309201
11945917346688339505
16658257170855889894
18402221846712663965
14431342408908618562
7689912308039718489
