10541349328436971352
12018087297362313794
13702427565130975361
3920192125144423880
16478833456339827445
12368635574747557326
12310390247217353123
5345408428825716351
13387117578578133270
11417153556519425440
2453080039294563451
12787247402371136452
16766407910463523021
5916458688425538570
15909080632748675911
6295259672156006433
4795201620287138845
4477097610802489306
4296851984855668042
4175817042528088931
16872574603156149981
17033914018268088461
5289069398583623807
1515493456078788768
17873525786092494114
