0.43003646256348638
0.86969402183751310
0.90499858890389207
0.78509264997157746
0.93829691677524385
0.69561488018578443
0.73747435319284682
0.52689902495223950
0.52702155410585005
0.61980379859239987
0.36687517009530524
0.38300918774085158
0.01654818458469546
0.79703063195815282
0.68862677492096080
0.37143562659141999
0.34572669917443172
0.86121577960229656
0.74087084598130648
0.26915205734696906
0.36445300983890433
0.25446977049447955
0.45537566520411171
0.41617609919528276
0.94415266856890734
