0.88291207323013154
0.10105036111811777
0.67380023640257802
0.44035811724157514
0.83172014407158490
0.74789846901087809
0.17380386141531581
0.85587497808726221
0.12986143547588538
0.84147502948997899
0.29010213405476315
0.64385234275237868
0.26208576437975190
0.72342732669327092
0.30820667144562253
0.84472181314372552
0.50810311974657363
0.46339990729614422
0.11009635096874258
0.24466497488978239
0.50279947018666005
0.68370080512090403
0.53456998313206971
0.90885576404951085
0.18846668720190998
