0.39957140567510485
0.99546324252903051
0.69738064321616855
0.89072464525176731
0.86367130462354735
0.85237774576242387
0.99055838395496076
0.37961964855565239
0.38300237718843849
0.30968437284556211
0.23952787743185835
0.62924222895659254
0.67910726946371014
0.65797601500965097
0.65662332998882755
0.61536422898908716
0.67915880669902584
0.39488916812760111
0.71976659245108110
0.53756567067066574
0.02526731870119742
0.77958210606767708
0.39043056416729982
0.81356051173515376
0.35016083437831103
