7434905739505070351
9608887950730212065
5736464202256621497
990793476372812448
1701505473589662128
11386133466710405339
11832155692864374698
3203870556973535156
17852653355728961297
3091346247991866409
18284129188372639777
5363703387612771881
15868418784225570728
11998124063844811256
5996909858915453598
983545795755651105
15612674311048632292
12018513346335931304
1832845195108124302
10288565200834404362
17437391020563915049
2866082207430240872
1372951638258116262
13454345009088944325
736806941820302629
