7932772567272012253
16043023043271770645
16694277356578377125
14482403188176124579
17308523088903672900
12831829668651299641
13604000654272932293
9719571465981064631
9721831729919287527
11433362048547021163
6767652369746755988
7065272464134862512
305260125918382685
14702620086639033875
12702921879270953988
6851777943589870618
6377531939119113384
15886627078563814530
13666654887489847156
4964979118791935283
6722971399391417352
4694138730807270654
8400198353415492362
7677093991450141181
17416542643600550775
