0.30387027712663228
0.64644321724628240
0.96153352173894080
0.04365178238425499
0.41895765885804981
0.04064478892723936
0.18333774858734786
0.82167235306270570
0.12913522107434711
0.78453787237733563
0.42406475953225126
0.21233811925205806
0.85877769517662650
0.42230904437046879
0.99844282480006818
0.54657680439876755
0.97182542784349846
0.85528641907594127
0.31116864495597268
0.94589555671050474
0.68180497232026949
0.55646825745888195
0.58357878207818392
0.11826563545015774
0.11296036859521287
