0.54089697008496551
0.87005272451254212
0.91252773773310036
0.78935767425258396
0.35672561876356118
0.16321650972333104
0.18646357587832632
0.35941072256132928
0.75546389704813532
0.24295788750463357
0.01561828222460919
0.27422560300138360
0.09279200228513558
0.67980860227868911
0.35830706061366496
0.54481894885640303
0.66184839219604108
0.47157005600387430
0.01946711348090146
0.15723576541099990
0.09903571454423109
0.75166528146489009
0.38474035238828308
0.48027815800807316
0.09879761167747422
