3746626521514261921
12084330007624140959
13628492386219334206
904138435960525221
2473105855178483190
9539965563639953575
18049563170718342124
7424339653631990022
8073638691570508007
4389753647422054753
8933219231255353465
7572790838493603622
1599211968843309755
5655835905061011657
12872763786753801831
9961515403696658761
12165308381368377823
15916973055283734236
3251985424334483013
13342600551303063497
5635701114225594604
15005399390002071559
13933437401965794223
15468979398556196033
14932595000265244470
