0.36767910090659550
0.68366641513626114
0.22396168207530376
0.08319206496384302
0.09891197133752738
0.15180116230032248
0.81111417160012389
0.09656636600845359
0.11285381669892336
0.37558850033253821
0.57588132982461404
0.80322063105789920
0.47377901703448144
0.42725646917752391
0.48860851050530540
0.02105929609454049
0.26722439272325726
0.56481892091095787
0.46781170711930764
0.43219985443992914
0.93368576764872879
0.33953950762838325
0.30489345482913122
0.98594374206344415
0.97594554441883485
