722691043407088219
5775717845773137888
3420977497806824363
9121914400493416064
15943325646950530573
13353905778349927785
3514484161685533870
1107385185467503982
4733515839162942506
13388678095637451096
4495608883605198679
2066451441207551990
2051554097253575537
7351820933076717526
8698108137717780393
2997379598372014318
15110912869328658808
1474748201606465288
18052121739222589043
1684818551170137397
6848054889203926886
13451989260870027717
844845795349493213
13315644313121550116
5602239015563209224
