0.45307779540875687
0.61965097970680838
0.36483531456798901
0.06075481820031564
0.13796394454905642
0.47722381936466313
0.83027606944822763
0.90088645331222994
0.53416726621909039
0.96349888130144967
0.46995831762259654
0.13431025813846784
0.62816253190604221
0.61363678595739912
0.20785762893701026
0.64214417999567508
0.34135292585915555
0.88977982357289553
0.39354783589333492
0.10232742512950226
0.26336147784260944
0.51614794584806079
0.07178040261064661
0.41975649709299812
0.37959945294044900
