0.20174789137687299
0.51851077110774335
0.34038281796347858
0.53704414604729867
0.16384063228178525
0.94079645983430293
0.67923276758877826
0.94168227692942386
0.94916115081393937
0.51249679601371534
0.63909153161817234
0.84167206022208829
0.63856783196410738
0.83219962323601526
0.35190115373730302
0.93598758054808606
0.90668495816046668
0.24172193821797883
0.12891735213629374
0.02872130432927145
0.77840747250674969
0.50457615404250411
0.56058892008065120
0.61972210109331594
0.63216197838918775
