0.57144769214099889
0.65150181784603323
0.74281008672201321
0.21251404093210755
0.89331935166952270
0.67050507804113990
0.66734759250887099
0.28977517156775845
0.72571709810066487
0.61892513447894826
0.13298173539419961
0.69319807068802042
0.90890879406513492
0.32073186817058535
0.86243298921365885
0.34126671064559633
0.25994840071106634
0.24270394780308602
0.23293281284145836
0.22637149547054741
0.91466410200828230
0.92341032922687749
0.28672102661854826
0.08215506487340941
0.96892577436285832
