0.62873283586612350
0.72789893729574151
0.29205735722668208
0.15838049235056958
0.55827831859701527
0.55045752223483846
0.95195989106597889
0.04512824736657375
0.47621615279377050
0.24129818875502759
0.65689449739379802
0.44767993106183374
0.22310410579423398
0.38492853298850122
0.51246422705463412
0.54345673208338563
0.57321624244026270
0.53655266680890523
0.55725121937077349
0.06210611394098725
0.61756105580188425
0.64469366491886482
0.20125090412000782
0.28566733359788182
0.15509007294469759
