0.17130021080218635
0.87451741826661400
0.12828770464671094
0.67106913275163571
0.30005543899048714
0.74764371559779441
0.01285477327586020
0.21233519055968725
0.77581847100827928
0.00027441487870891
0.20988335091630622
0.33716837539129391
0.28548969932642776
0.47212125415594236
0.99812368268661944
0.40304336025986165
0.07881467931323299
0.45170025395849506
0.83509805118566904
0.76187943201722419
0.21626332884234822
0.61349035149313424
0.13304999567183412
0.45937624915291353
0.05599144962293176
