0.57144769214099889
0.65150181784603334
0.74281008672201321
0.21251404093210746
0.89331935166952270
0.67050507804113979
0.66734759250887110
0.28977517156775845
0.72571709810066498
0.61892513447894826
0.13298173539419966
0.69319807068802042
0.90890879406513492
0.32073186817058541
0.86243298921365896
0.34126671064559633
0.25994840071106629
0.24270394780308602
0.23293281284145839
0.22637149547054747
0.91466410200828230
0.92341032922687749
0.28672102661854837
0.08215506487340940
0.96892577436285821
