0.46884273296284740
0.27550015541621720
0.45750914490004424
0.38696895885283544
0.79808136186730694
0.40562353135594253
0.67464448286637768
0.95597153260047307
0.15793308630459257
0.66682940880607122
0.25710699450683416
0.06768543773367675
0.07819506169555612
0.59557252101474545
0.97282227773937036
0.79227910463420181
0.57943625794347764
0.68605874709334957
0.49906084509664439
0.91328776564983982
0.73558334796193792
0.77593171747069312
0.19355320716885205
0.43005456119718899
0.26408563857933876
