0.68562868149923317
0.64348587556026637
0.16314446665376861
0.25318890061705973
0.03528716722100157
0.19160985170189374
0.48821650885156975
0.34223927638299934
0.76145827530445365
0.30868112302430634
0.02092935212558412
0.79907994149928341
0.57100681559563526
0.24271040986133074
0.85393181381898964
0.11593200021068445
0.00506889318577568
0.80382733271964224
0.84930852836491311
0.43970101848610055
0.13822898242479656
0.16763421337410572
0.76390536925663477
0.30527641075086309
0.21400545703413265
