0.41245060220271801
0.21222089986333803
0.34337531803723620
0.18343250201881067
0.76596878608584296
0.68450858037129148
0.53671021274013142
0.97251024880713877
0.87620652853310743
0.16829092611105800
0.37694639556359377
0.86306235542697218
0.21788940689459368
0.62991853136962017
0.80012393491491640
0.89541820234805314
0.02198406773793049
0.80405761368697293
0.03152730841872320
0.37771826259746233
0.09874947496328013
0.14460656545489414
0.16358657405320087
0.87852139569655086
0.33899204694785168
