10478659504240757921
6383538475856181587
2995750418055530284
2272966018689784556
11776696229939029035
14953956760835875851
5022024941247856118
13710632542418028112
422821778669994529
8749688128065381302
9870081698754755674
12358066225124758871
11704848934724966363
15489342308312962969
4312566382025036788
9731498455338897238
2742995377940181696
13696517429236790123
3939164878856247646
9197982182252841643
8808704069531075548
144534783541471137
12911127020431061762
9222541367213243728
18265725640072366887
