7370791459661035699
18363055669718086716
12864402247367612848
16430969571105081299
15931923520197419567
15723594130204899180
18272576998884482690
7002746502257683657
7065146831617497943
5712668369509331784
4418509453504361036
11607470357932811786
12527317998392770382
12137515155522305851
12112562521130835207
11351466444277291875
12528268692582905423
7284419421929920090
13277350123751097680
9916336349673803338
466099761509843975
14380751595073932967
7202172695748214833
15007542548454558649
6459327296413300256
