0.41245060220271806
0.21222089986333809
0.34337531803723614
0.18343250201881059
0.76596878608584285
0.68450858037129159
0.53671021274013153
0.97251024880713877
0.87620652853310743
0.16829092611105789
0.37694639556359383
0.86306235542697229
0.21788940689459368
0.62991853136962017
0.80012393491491640
0.89541820234805303
0.02198406773793058
0.80405761368697282
0.03152730841872328
0.37771826259746227
0.09874947496328014
0.14460656545489409
0.16358657405320093
0.87852139569655086
0.33899204694785173
