3443178427377519034
9257817658313246488
677144932576390487
6189705978941282056
12912744483365153602
8132670139222746830
5064110178332743864
10003926996726906287
17711496758781897532
17928694266749036027
14035967266720877200
2483264531140272773
5162231062291083251
4408622503164631743
15858474198150648417
14804970467292582292
15386453735527453716
3696375448353365595
5201828281333830154
12164746796575191422
113990780550847441
17793012768665260496
18099440528327968818
10890568295888828726
18245497361097091617
