0.67366677082326010
0.39821508721414128
0.18741282895881148
0.01702337075963486
0.06266544289778453
0.43382447339695446
0.42199578482106881
0.42656070798892692
0.70581202775347507
0.10764892418534820
0.84807596924201567
0.36382431287418504
0.42180170952850976
0.64835510694133791
0.02113078884067225
0.58216721740832811
0.70344712032404999
0.66126700009100514
0.07556495139438335
0.03876799704991463
0.20018573864029893
0.62388326548485173
0.00341324273405954
0.22465424189182698
0.32277141114735047
