0.30387027712663228
0.64644321724628229
0.96153352173894080
0.04365178238425493
0.41895765885804981
0.04064478892723933
0.18333774858734786
0.82167235306270581
0.12913522107434716
0.78453787237733563
0.42406475953225120
0.21233811925205803
0.85877769517662650
0.42230904437046879
0.99844282480006818
0.54657680439876766
0.97182542784349846
0.85528641907594138
0.31116864495597263
0.94589555671050485
0.68180497232026960
0.55646825745888207
0.58357878207818381
0.11826563545015778
0.11296036859521286
