0.26691353942958373
0.16554972497426332
0.58324143945974882
0.67527397806553413
0.91243186386246833
0.45481204453099033
0.31582857181393142
0.76576521830112765
0.33971907260593681
0.34825569853793070
0.80144177591745180
0.75371581766251272
0.56265953255619350
0.28662820807485190
0.47146335026638869
0.51844326090752924
0.78784979135790623
0.94585194364597869
0.23571176630202981
0.62106852412657654
0.03746796978641210
0.03443224681588743
0.97020580166224968
0.57243010844831455
0.57473885202115493
