0.60641398992595230
0.56732246836860256
0.72052494266629064
0.92837831897242407
0.91547234394233323
0.21210659729548909
0.16091285100481845
0.53578939796875125
0.70346924109318054
0.31921862074729213
0.03366716487392762
0.85763763517440494
0.45153224880746412
0.70619089812011937
0.23005696094800487
0.41561792101425266
0.85003790251528943
0.37426593362792915
0.28945851401325140
0.12578585550493326
0.04569645964944968
0.65698844781953769
0.80513322507347207
0.72647459839647410
0.90240503423933915
