0.60641398992595230
0.56732246836860256
0.72052494266629052
0.92837831897242418
0.91547234394233334
0.21210659729548917
0.16091285100481853
0.53578939796875114
0.70346924109318065
0.31921862074729213
0.03366716487392758
0.85763763517440494
0.45153224880746406
0.70619089812011937
0.23005696094800493
0.41561792101425254
0.85003790251528943
0.37426593362792909
0.28945851401325146
0.12578585550493332
0.04569645964944963
0.65698844781953769
0.80513322507347207
0.72647459839647421
0.90240503423933927
