7608370701880924852
3914784626871340131
6334156613061518288
3383732419541209491
14129630165375521479
12626954598367460521
9900555936163413162
17939647668804888189
16163157587563718501
3104419643898249403
6953433688468900959
15920690390214307402
4019350125356935274
11619945935462365449
14759681454624900671
16517550417655607742
405534471260700226
14832245020201210748
581576189733096987
6967672122101605125
1821606292060817590
2667520304324559986
3017639665454333091
16205859349692392922
6253299533069953538
