0.94746881172547581
0.38779559164499167
0.03091290823670068
0.48094247734339024
0.21937690067789928
0.66057980795822180
0.39644401416554531
0.42920419736370452
0.48485037122398500
0.23931530077290553
0.48299423261728169
0.98546571009573058
0.22316338772299249
0.72173524145819157
0.39164169214955258
0.64458150395475167
0.90184954131891237
0.70315170093457902
0.13571831605489437
0.47522067327391981
0.10495366538400319
0.84811130504915966
0.16232843646613471
0.05989025435417628
0.55048046793034711
