0.45079102565249907
0.61224876259939498
0.70044407620622506
0.79424987173641892
0.30403816065943323
0.26649412101537095
0.90194197860079350
0.82221580549616557
0.60079777363598208
0.88946818551551809
0.25355000848565401
0.43068227002019788
0.55845293632812754
0.36769558503170952
0.52675041143978951
0.04512535539586160
0.72156001187438601
0.74956384396823850
0.46059609098779497
0.93947656404811541
0.56500589107355970
0.00648565787459876
0.48350677121879027
0.84790744571494459
0.64344817449920189
