0.17130021080218627
0.87451741826661389
0.12828770464671091
0.67106913275163571
0.30005543899048714
0.74764371559779430
0.01285477327586027
0.21233519055968719
0.77581847100827928
0.00027441487870894
0.20988335091630617
0.33716837539129385
0.28548969932642765
0.47212125415594242
0.99812368268661944
0.40304336025986165
0.07881467931323305
0.45170025395849500
0.83509805118566904
0.76187943201722408
0.21626332884234822
0.61349035149313436
0.13304999567183418
0.45937624915291353
0.05599144962293179
