0.56804926996168548
0.34605231418340388
0.16239995557400821
0.12321773477245961
0.63841598186008730
0.81065562036762773
0.27224451757886564
0.74325487943200408
0.02292121455040966
0.47432154385095565
0.53505820101996626
0.66993211245000006
0.63452113218217254
0.83967892905222763
0.23378469201897484
0.52754558834088816
0.14869807739402210
0.74248969761320516
0.21354255597172714
0.49862361322407461
0.47752080444837480
0.00783524631576926
0.69991359823938271
0.49995496930850164
0.99018697104953202
