4923685751665514475
3053853408073238097
10758905566895950616
12456606253010665710
16831397077368747199
8389801387103770532
5826008835416790679
14125875002549227333
6266710789319669689
6424183743140153041
14783991330328511628
13903602792727106437
10379236397697148679
5287357198662762076
8696963762497756538
9563590150700619509
14533263469704764404
17447888736058117556
4348114628135579338
11456692116799462534
691162049611425917
635162844895476002
17897138122091727929
10559471710631862025
10602060512451871554
