0.68562868149923306
0.64348587556026648
0.16314446665376858
0.25318890061705968
0.03528716722100167
0.19160985170189371
0.48821650885156964
0.34223927638299922
0.76145827530445376
0.30868112302430639
0.02092935212558411
0.79907994149928341
0.57100681559563526
0.24271040986133074
0.85393181381898964
0.11593200021068439
0.00506889318577575
0.80382733271964224
0.84930852836491322
0.43970101848610066
0.13822898242479653
0.16763421337410567
0.76390536925663477
0.30527641075086309
0.21400545703413265
