0.23096865971502387
0.99059553297146596
0.06112276185983999
0.69997423423520888
0.30848415108709754
0.98885122628861888
0.03447652809883808
0.87012233544887463
0.75449049794078304
0.20282840987256329
0.45611229678447301
0.23432318122376339
0.00940715210538981
0.33337063469190914
0.34337429596784169
0.18027592474603021
0.20548969138069867
0.10556005617001324
0.59863979676177115
0.68617106992295418
0.75060184373864947
0.94114494082611577
0.58764102565002796
0.64232517089676422
0.10802012349421698
