0.03917715996488902
0.31310229180252669
0.18545156175730926
0.49449997051208838
0.86428941515338120
0.72391668280268606
0.19052056816326768
0.06003147119310659
0.25660440781575045
0.72580169389996063
0.24370744591249449
0.11202255709465148
0.11121497046069317
0.39854301136830916
0.47152538697137303
0.16248827361593332
0.81916422805826505
0.07994626020254103
0.97860748038189660
0.09133419667112708
0.37123379940874390
0.72923379904434793
0.04579918233665825
0.72184252461653176
0.30369798557283423
