18360621101401568164
18246820774319881253
3267656827491338223
12040807999987140823
16400157044558069640
8461614269722595775
11074275669546093905
11020921762499141452
9967738141871709644
663479056365391091
18357998097133095828
11409592303397839533
11426450325368554724
6855504449243512491
17901841937689453327
1562575499857706051
1428107965997252323
1684210464575619015
15008217908869386429
17642268099609977474
16259538350928480439
4057013967046731315
6391146142882741895
9160302599350831370
16968945579461973952
