0.89810213169831876
0.10068976445538341
0.93122706393606924
0.79551706233596664
0.68652787223790968
0.23105378846401053
0.27643859120257303
0.87869340840314480
0.64779110518638428
0.21639797406857833
0.95582692419665904
0.02893144368606673
0.69699417940632225
0.74619386497428508
0.12865128134946141
0.31936613587235280
0.41682513079817102
0.54325482569393069
0.51277039060261420
0.20480931738236816
0.50537070687167585
0.23678001505333870
0.46859140719793174
0.44997485075083077
0.36400995471604553
