915489059903233890
310394491823842584
12298891813344782087
3813296979721972569
2173997215791647066
13355242576618519222
1475264120555925583
5472889225570086421
8385982725299269714
9556770220811822309
11538513416595713326
3335381117579662249
7541694537928101889
17345573374222660515
1114897755195231044
11209048325521673201
8832402578088997747
14065227711806760068
17390854324845370048
1364776469742000316
3458181503676164827
11176565318966707665
9968984284861094990
9817529552107107278
15676029545415503332
