0.54089697008496540
0.87005272451254212
0.91252773773310036
0.78935767425258396
0.35672561876356113
0.16321650972333102
0.18646357587832629
0.35941072256132933
0.75546389704813521
0.24295788750463354
0.01561828222460926
0.27422560300138354
0.09279200228513551
0.67980860227868900
0.35830706061366502
0.54481894885640314
0.66184839219604108
0.47157005600387436
0.01946711348090135
0.15723576541099982
0.09903571454423099
0.75166528146489020
0.38474035238828297
0.48027815800807316
0.09879761167747414
