3721591719639730262
9564835494086334370
6278954730060355347
9906715918418411667
3022326212576848274
17354631520015352117
12529633030187631627
17370971961265167207
17508932833772374340
9453897234661135352
11789157923435482245
15526109088908718076
11779497369945454180
15351373468072287335
6491430522235146378
17265923354541147721
16725385378668179614
4458982731308087319
2378105401518503888
529814550425198346
14359083430395113655
9307787179318719877
10341040339284991303
11431854995689958491
11661330228475256292
