6782482275675597746
12611419391809078958
4131363831560632092
1534622731351430647
1824603821089460478
2800237191045695498
14962415538066417653
1781335039886106957
2081785474386369927
6928384942662707086
10623135508102172925
14816805415848549926
8739680274728757122
7881490740754556105
9013236145527792455
388475445428460809
4929419982818378912
10419070082033235233
8629602835915035293
7972680103547894941
17223462401081142072
6263398400134139440
5624291530982107193
18187451880919857142
18003017687771382112
