8357810137385874083
11430543037674885461
6730023676887011035
1120728582585973799
2544985576495899575
8803225661698136994
15315890163636953438
16618421843722593655
9853646852496637620
17773417278673299858
8669200810495143646
2477586958354181488
11587553462764170951
11319600744769828867
3834296484769113106
11845469346802298558
6296850062135793729
16413540687399640577
7259676209486595032
1887607823085603466
4858161780636545490
9521249061230073361
1324114716466430953
7743140675151343336
7002373958912615086
