0.56804926996168537
0.34605231418340388
0.16239995557400821
0.12321773477245956
0.63841598186008730
0.81065562036762773
0.27224451757886559
0.74325487943200408
0.02292121455040974
0.47432154385095571
0.53505820101996615
0.66993211245000006
0.63452113218217254
0.83967892905222763
0.23378469201897489
0.52754558834088805
0.14869807739402219
0.74248969761320527
0.21354255597172711
0.49862361322407456
0.47752080444837486
0.00783524631576926
0.69991359823938282
0.49995496930850158
0.99018697104953202
