8315626680936687525
11293996233116396245
12920912611722144169
14651324114498355778
5608514138325950993
4915948847518728194
16637892848584053532
15167204537346717403
11082762770317443732
16407791979911571316
4677172116421744084
7944685612146861159
10301638393656582553
6782786354112853028
9716830030551006637
832415882222648388
13310432872869623703
13827012396588056051
8496498211802890984
17330283740243586413
10422519072772170247
119639270962363484
8919125666578658503
15641131649296356973
11869523799682382113
