0.88291207323013154
0.10105036111811783
0.67380023640257802
0.44035811724157503
0.83172014407158479
0.74789846901087820
0.17380386141531579
0.85587497808726221
0.12986143547588547
0.84147502948997899
0.29010213405476304
0.64385234275237868
0.26208576437975195
0.72342732669327103
0.30820667144562253
0.84472181314372541
0.50810311974657363
0.46339990729614422
0.11009635096874260
0.24466497488978234
0.50279947018665994
0.68370080512090403
0.53456998313206971
0.90885576404951085
0.18846668720190995
