3159931148440427874
16131999002765438423
2366490455421516543
12379040547635643687
5535045890982086709
13791592279949803333
237128712745354054
3916892918096898964
14311324782346380662
5062061037561357
3871664459685674009
6219658730591627779
5266355419154902982
8709099947173450359
18412132128428550950
7434837717321586975
1453874218542699501
8332398982801968537
15404840026675635991
14054194897444929174
3989354279683287018
11316899505683964235
2454339219166487620
8473996101664429687
1032859941510223312
