11186363674881124876
10465252381260793169
13291339216089310012
17125557253665000610
16887484035263229091
3912676116655263032
2968318180656844159
9883569901736469228
12976717054172585931
5888544200487847809
621049574116725941
15820621964043728841
8329299834777834305
13026922764804936832
4243801880983239448
7666797421397147853
15680431640652412132
6903987893142373477
5339567127958719833
2320339484592114899
842950896227992638
12119297756310694490
14852086548170728886
13401090992670687006
16646434717440196528
