0.40304704774981714
0.52089885956757409
0.31097434752359776
0.05371102197839343
0.09223879654809444
0.61724353204086646
0.64142244536951420
0.17368217091165250
0.96779427764559856
0.16758221589888472
0.99118462940196195
0.29076694327088137
0.86022870598835754
0.65041960878855765
0.32509313486179375
0.05331812442486306
0.84636477031737767
0.65152491400717227
0.09935873711829234
0.55774423712517107
0.94528286134873118
0.15537062779089586
0.07442785744584911
0.72936150441118686
0.03994238435119864
