16567060175491876789
1857398315750554505
17178107322940630372
14674699655180825116
12664203958641088631
4262190103056626435
5099391944010681499
16209032424068359061
11949636730598694219
3991838045712300771
17631894649416749022
533690937359813100
12857273248373625865
13764847256552818219
2373197261808317428
5891265374246843238
7689066511324369788
10021282736383631747
9458944164022504691
3778065061663698532
9322444092011494229
4367820339458034129
8643985763719666626
8300570911406227147
6714798474929495091
