0.91742459900689288
0.13542715851300857
0.85676352574272208
0.10961271373235848
0.11272541491861554
0.89583220612260483
0.62801987556948291
0.75499132159536975
0.58065879333039205
0.67278407926044659
0.08671722846556673
0.54004253904508170
0.77583848729585358
0.14508296814952792
0.40165115388743178
0.89558708124086783
0.43602634626667769
0.69781616916314249
0.23540604565616408
0.71645060363312185
0.48166720458221468
0.51620299232917499
0.65761854698363964
0.67677654180600910
0.17688769645010527
