12647616817211272637
11870219261507146180
3009484223403911514
4670510851986783397
650933342812008613
3534577896346274261
9006004991344860989
6313200343408738299
14046425927349527212
5694161676814631730
386078402289199214
14740423175272080435
10533216591636546899
4477216814737119039
15752261625917495530
2138567937839737754
93504575334974329
14827997086131816885
15666977062366441621
8111052156962529364
2549874662359517683
3092305432109747054
14091566843209734345
5631355820861806967
3947703896285890570
